task 1 access time:
       2994177.00000
       2994184.00000
       2994172.00000
       2994162.00000
       2994164.00000
       2994184.00000
       2994183.00000
       2994152.00000
       2994183.00000
       2994140.00000
       2994169.00000
       2994146.00000
       2994175.00000
       2994175.00000
       2994147.00000
       2994172.00000
       2994180.00000
       2994163.00000
       2994193.00000
       2994159.00000
       2994144.00000
       2994149.00000
       2994132.00000
       2994179.00000
       2994161.00000
       2994172.00000
       2994150.00000
       2994134.00000
       2994153.00000
       2994148.00000
       2994221.00000
       2994172.00000
       2994184.00000
       2994176.00000
       2994161.00000
       2994170.00000
       2994166.00000
       2994139.00000
       2994164.00000
       2994187.00000
       2994153.00000
       2994168.00000
       2994156.00000
       2994171.00000
       2994167.00000
       2994200.00000
       2994151.00000
       2994150.00000
       2994150.00000
       2994151.00000
       2994161.00000
       2994179.00000
       2994162.00000
       2994147.00000
       2994166.00000
       2994183.00000
       2994132.00000
       2994185.00000
       2994158.00000
       2994159.00000
       2994170.00000
       2994156.00000
       2994151.00000
       2994137.00000
       2994179.00000
       2994166.00000
       2994150.00000
       2994141.00000
       2994156.00000
       2994167.00000
       2994158.00000
       2994159.00000
       2994158.00000
       2994160.00000
       2994162.00000
       2994129.00000
       2994173.00000
       2994181.00000
       2994121.00000
       2994160.00000
       2994160.00000
       2994131.00000
       2994171.00000
       2994192.00000
       2994197.00000
       2994170.00000
       2994128.00000
       2994164.00000
       2994128.00000
       2994188.00000
       2994154.00000
       2994134.00000
       2994167.00000
       2994153.00000
       2994171.00000
       2994132.00000
       2994163.00000
       2994178.00000
       2994163.00000
       2994158.00000
task 0 on core 1 executes 10000 times, exec_avg1:        2994162.00000
task 2 access time:
       4990155.00000
       4990149.00000
       4990163.00000
       4990185.00000
       4990170.00000
       4990203.00000
       4990134.00000
       4990169.00000
       4990145.00000
       4990098.00000
       4990123.00000
       4990119.00000
       4990172.00000
       4990149.00000
       4990147.00000
       4990148.00000
       4990148.00000
       4990110.00000
       4990174.00000
       4990137.00000
       4990168.00000
       4990149.00000
       4990154.00000
       4990166.00000
       4990177.00000
       4990184.00000
       4990156.00000
       4990167.00000
       4990158.00000
       4990150.00000
       4990246.00000
       4990182.00000
       4990193.00000
       4990171.00000
       4990180.00000
       4990177.00000
       4990199.00000
       4990153.00000
       4990169.00000
       4990210.00000
       4990168.00000
       4990177.00000
       4990159.00000
       4990164.00000
       4990172.00000
       4990213.00000
       4990158.00000
       4990163.00000
       4990171.00000
       4990127.00000
       4990185.00000
       4990219.00000
       4990165.00000
       4990153.00000
       4990178.00000
       4990200.00000
       4990162.00000
       4990173.00000
       4990196.00000
       4990145.00000
       4990154.00000
       4990195.00000
       4990151.00000
       4990141.00000
       4990244.00000
       4990177.00000
       4990178.00000
       4990134.00000
       4990153.00000
       4990193.00000
       4990156.00000
       4990155.00000
       4990180.00000
       4990182.00000
       4990171.00000
       4990140.00000
       4990177.00000
       4990187.00000
       4990129.00000
       4990172.00000
       4990158.00000
       4990125.00000
       4990191.00000
       4990150.00000
       4990236.00000
       4990173.00000
       4990120.00000
       4990192.00000
       4990141.00000
       4990210.00000
       4990170.00000
       4990154.00000
       4990185.00000
       4990175.00000
       4990166.00000
       4990152.00000
       4990182.00000
       4990189.00000
       4990192.00000
       4990157.00000
task 1 on core 2 executes 10000 times, exec_avg1:        4990167.00000
task 3 access time:
       7485526.00000
       7485488.00000
       7485508.00000
       7485455.00000
       7485488.00000
       7485489.00000
       7485516.00000
       7485494.00000
       7485494.00000
       7485443.00000
       7485457.00000
       7485442.00000
       7485478.00000
       7485502.00000
       7485500.00000
       7485475.00000
       7485497.00000
       7485468.00000
       7485541.00000
       7485469.00000
       7485489.00000
       7485480.00000
       7485482.00000
       7485488.00000
       7485496.00000
       7485526.00000
       7485490.00000
       7485487.00000
       7485482.00000
       7485488.00000
       7485583.00000
       7485497.00000
       7485497.00000
       7485495.00000
       7485499.00000
       7485516.00000
       7485508.00000
       7485471.00000
       7485494.00000
       7485499.00000
       7485479.00000
       7485490.00000
       7485479.00000
       7485526.00000
       7485515.00000
       7485518.00000
       7485510.00000
       7485452.00000
       7485464.00000
       7485452.00000
       7485519.00000
       7485522.00000
       7485510.00000
       7485485.00000
       7485500.00000
       7485483.00000
       7485471.00000
       7485500.00000
       7485493.00000
       7485526.00000
       7485484.00000
       7485510.00000
       7485467.00000
       7485472.00000
       7485577.00000
       7485527.00000
       7485509.00000
       7485454.00000
       7485502.00000
       7485544.00000
       7485485.00000
       7485488.00000
       7485509.00000
       7485506.00000
       7485504.00000
       7485432.00000
       7485513.00000
       7485500.00000
       7485471.00000
       7485485.00000
       7485504.00000
       7485468.00000
       7485495.00000
       7485500.00000
       7485538.00000
       7485499.00000
       7485442.00000
       7485500.00000
       7485467.00000
       7485530.00000
       7485496.00000
       7485478.00000
       7485477.00000
       7485499.00000
       7485522.00000
       7485443.00000
       7485456.00000
       7485506.00000
       7485515.00000
       7485491.00000
task 2 on core 3 executes 10000 times, exec_avg1:        7485494.00000
