task 1 access time:
       2994129.00000
       2994109.00000
       2994116.00000
       2994121.00000
       2994112.00000
       2994116.00000
       2994121.00000
       2994125.00000
       2994132.00000
       2994090.00000
       2994133.00000
       2994103.00000
       2994102.00000
       2994122.00000
       2994091.00000
       2994111.00000
       2994110.00000
       2994100.00000
       2994119.00000
       2994139.00000
       2994129.00000
       2994110.00000
       2994083.00000
       2994120.00000
       2994125.00000
       2994108.00000
       2994090.00000
       2994102.00000
       2994137.00000
       2994091.00000
       2994101.00000
       2994125.00000
       2994127.00000
       2994095.00000
       2994098.00000
       2994100.00000
       2994132.00000
       2994106.00000
       2994125.00000
       2994103.00000
       2994133.00000
       2994122.00000
       2994116.00000
       2994102.00000
       2994098.00000
       2994116.00000
       2994123.00000
       2994125.00000
       2994120.00000
       2994117.00000
       2994103.00000
       2994111.00000
       2994115.00000
       2994121.00000
       2994132.00000
       2994121.00000
       2994127.00000
       2994143.00000
       2994125.00000
       2994090.00000
       2994120.00000
       2994117.00000
       2994106.00000
       2994121.00000
       2994103.00000
       2994116.00000
       2994098.00000
       2994121.00000
       2994145.00000
       2994104.00000
       2994098.00000
       2994103.00000
       2994136.00000
       2994137.00000
       2994139.00000
       2994091.00000
       2994107.00000
       2994108.00000
       2994118.00000
       2994130.00000
       2994122.00000
       2994112.00000
       2994122.00000
       2994117.00000
       2994125.00000
       2994131.00000
       2994118.00000
       2994137.00000
       2994119.00000
       2994089.00000
       2994134.00000
       2994111.00000
       2994106.00000
       2994114.00000
       2994104.00000
       2994100.00000
       2994130.00000
       2994142.00000
       2994118.00000
       2994134.00000
task 0 on core 1 executes 10000 times, exec_avg1:        2994116.00000
task 2 access time:
       4990155.00000
       4990122.00000
       4990114.00000
       4990151.00000
       4990142.00000
       4990141.00000
       4990160.00000
       4990164.00000
       4990181.00000
       4990140.00000
       4990181.00000
       4990150.00000
       4990165.00000
       4990139.00000
       4990125.00000
       4990134.00000
       4990151.00000
       4990113.00000
       4990179.00000
       4990154.00000
       4990140.00000
       4990184.00000
       4990089.00000
       4990156.00000
       4990193.00000
       4990140.00000
       4990127.00000
       4990156.00000
       4990180.00000
       4990101.00000
       4990127.00000
       4990148.00000
       4990163.00000
       4990115.00000
       4990134.00000
       4990154.00000
       4990166.00000
       4990138.00000
       4990153.00000
       4990153.00000
       4990145.00000
       4990162.00000
       4990155.00000
       4990135.00000
       4990110.00000
       4990124.00000
       4990160.00000
       4990177.00000
       4990145.00000
       4990155.00000
       4990124.00000
       4990141.00000
       4990158.00000
       4990132.00000
       4990158.00000
       4990131.00000
       4990158.00000
       4990181.00000
       4990165.00000
       4990112.00000
       4990136.00000
       4990136.00000
       4990134.00000
       4990158.00000
       4990119.00000
       4990138.00000
       4990140.00000
       4990149.00000
       4990189.00000
       4990111.00000
       4990109.00000
       4990120.00000
       4990178.00000
       4990175.00000
       4990165.00000
       4990103.00000
       4990101.00000
       4990130.00000
       4990167.00000
       4990166.00000
       4990177.00000
       4990138.00000
       4990152.00000
       4990139.00000
       4990168.00000
       4990153.00000
       4990157.00000
       4990170.00000
       4990169.00000
       4990105.00000
       4990171.00000
       4990127.00000
       4990130.00000
       4990153.00000
       4990090.00000
       4990143.00000
       4990152.00000
       4990103.00000
       4990120.00000
       4990151.00000
task 1 on core 2 executes 10000 times, exec_avg1:        4990145.00000
