task 1 access time:
       3012454.00000
       3012383.00000
       3012367.00000
       3012330.00000
       3012396.00000
       3012389.00000
       3012397.00000
       3012396.00000
       3012401.00000
       3012355.00000
       3012389.00000
       3012420.00000
       3012416.00000
       3012386.00000
       3012405.00000
       3012390.00000
       3012396.00000
       3012419.00000
       3012416.00000
       3012404.00000
       3012371.00000
       3012404.00000
       3012366.00000
       3012389.00000
       3012391.00000
       3012439.00000
       3012429.00000
       3012391.00000
       3012404.00000
       3012364.00000
       3012380.00000
       3012355.00000
       3012397.00000
       3012393.00000
       3012396.00000
       3012420.00000
       3012418.00000
       3012368.00000
       3012368.00000
       3012390.00000
       3012401.00000
       3012457.00000
       3012392.00000
       3012414.00000
       3012411.00000
       3012404.00000
       3012407.00000
       3012403.00000
       3012403.00000
       3012394.00000
       3012422.00000
       3012383.00000
       3012377.00000
       3012387.00000
       3012383.00000
       3012444.00000
       3012397.00000
       3012357.00000
       3012402.00000
       3012368.00000
       3012388.00000
       3012372.00000
       3012370.00000
       3012380.00000
       3012430.00000
       3012409.00000
       3012397.00000
       3012384.00000
       3012359.00000
       3012478.00000
       3012399.00000
       3012412.00000
       3012422.00000
       3012362.00000
       3012387.00000
       3012402.00000
       3012402.00000
       3012393.00000
       3012360.00000
       3012385.00000
       3012415.00000
       3012399.00000
       3012376.00000
       3012371.00000
       3012387.00000
       3012406.00000
       3012372.00000
       3012417.00000
       3012371.00000
       3012394.00000
       3012381.00000
       3012425.00000
       3012402.00000
       3012401.00000
       3012387.00000
       3012362.00000
       3012376.00000
       3012413.00000
       3012434.00000
       3012362.00000
task 0 on core 1 executes 10000 times, exec_avg1:        3012395.00000
task 2 access time:
       5008554.00000
       5008504.00000
       5008462.00000
       5008452.00000
       5008504.00000
       5008461.00000
       5008491.00000
       5008497.00000
       5008507.00000
       5008466.00000
       5008490.00000
       5008511.00000
       5008509.00000
       5008494.00000
       5008493.00000
       5008478.00000
       5008496.00000
       5008543.00000
       5008531.00000
       5008518.00000
       5008476.00000
       5008506.00000
       5008486.00000
       5008476.00000
       5008518.00000
       5008549.00000
       5008534.00000
       5008480.00000
       5008498.00000
       5008432.00000
       5008486.00000
       5008464.00000
       5008512.00000
       5008488.00000
       5008519.00000
       5008531.00000
       5008522.00000
       5008481.00000
       5008481.00000
       5008508.00000
       5008478.00000
       5008552.00000
       5008503.00000
       5008539.00000
       5008505.00000
       5008520.00000
       5008516.00000
       5008506.00000
       5008488.00000
       5008501.00000
       5008529.00000
       5008485.00000
       5008474.00000
       5008496.00000
       5008492.00000
       5008567.00000
       5008526.00000
       5008476.00000
       5008515.00000
       5008488.00000
       5008489.00000
       5008500.00000
       5008484.00000
       5008483.00000
       5008544.00000
       5008515.00000
       5008491.00000
       5008509.00000
       5008469.00000
       5008565.00000
       5008508.00000
       5008545.00000
       5008539.00000
       5008491.00000
       5008506.00000
       5008494.00000
       5008502.00000
       5008461.00000
       5008489.00000
       5008484.00000
       5008508.00000
       5008499.00000
       5008467.00000
       5008486.00000
       5008492.00000
       5008514.00000
       5008449.00000
       5008517.00000
       5008478.00000
       5008487.00000
       5008514.00000
       5008532.00000
       5008494.00000
       5008502.00000
       5008500.00000
       5008451.00000
       5008524.00000
       5008543.00000
       5008548.00000
       5008483.00000
task 1 on core 2 executes 10000 times, exec_avg1:        5008501.00000
task 3 access time:
       7005002.00000
       7004923.00000
       7004894.00000
       7004883.00000
       7004945.00000
       7004897.00000
       7004929.00000
       7004957.00000
       7004913.00000
       7004889.00000
       7004952.00000
       7004925.00000
       7004963.00000
       7004904.00000
       7004921.00000
       7004909.00000
       7004896.00000
       7004947.00000
       7004925.00000
       7004910.00000
       7004877.00000
       7004907.00000
       7004896.00000
       7004874.00000
       7004932.00000
       7004938.00000
       7004930.00000
       7004916.00000
       7004876.00000
       7004855.00000
       7004879.00000
       7004873.00000
       7004939.00000
       7004894.00000
       7004902.00000
       7004939.00000
       7004942.00000
       7004906.00000
       7004895.00000
       7004882.00000
       7004875.00000
       7004973.00000
       7004940.00000
       7004924.00000
       7004872.00000
       7004912.00000
       7004908.00000
       7004926.00000
       7004951.00000
       7004928.00000
       7004935.00000
       7004893.00000
       7004913.00000
       7004913.00000
       7004909.00000
       7004938.00000
       7004928.00000
       7004863.00000
       7004908.00000
       7004883.00000
       7004894.00000
       7004893.00000
       7004908.00000
       7004897.00000
       7004937.00000
       7004907.00000
       7004881.00000
       7004896.00000
       7004870.00000
       7004951.00000
       7004892.00000
       7004938.00000
       7004893.00000
       7004885.00000
       7004881.00000
       7004898.00000
       7004916.00000
       7004890.00000
       7004894.00000
       7004892.00000
       7004956.00000
       7004882.00000
       7004871.00000
       7004882.00000
       7004930.00000
       7004869.00000
       7004880.00000
       7004923.00000
       7004900.00000
       7004887.00000
       7004881.00000
       7004938.00000
       7004845.00000
       7004927.00000
       7004903.00000
       7004868.00000
       7004962.00000
       7004938.00000
       7004968.00000
       7004878.00000
task 2 on core 3 executes 10000 times, exec_avg1:        7004909.00000
task 4 access time:
       7984038.00000
       7984012.00000
       7984036.00000
       7984038.00000
       7984030.00000
       7984047.00000
       7984017.00000
       7984031.00000
       7984030.00000
       7984033.00000
       7984046.00000
       7984043.00000
       7984047.00000
       7984027.00000
       7984029.00000
       7984024.00000
       7984020.00000
       7984021.00000
       7984037.00000
       7984028.00000
       7984028.00000
       7984029.00000
       7984040.00000
       7984039.00000
       7984051.00000
       7984032.00000
       7984045.00000
       7984019.00000
       7984027.00000
       7984029.00000
       7984049.00000
       7984015.00000
       7984037.00000
       7984019.00000
       7984033.00000
       7984025.00000
       7984042.00000
       7984015.00000
       7984032.00000
       7984037.00000
       7984044.00000
       7984021.00000
       7984022.00000
       7984035.00000
       7984022.00000
       7984044.00000
       7984021.00000
       7984024.00000
       7984033.00000
       7984050.00000
       7984038.00000
       7984017.00000
       7984029.00000
       7984023.00000
       7984039.00000
       7984012.00000
       7984037.00000
       7984039.00000
       7984037.00000
       7984040.00000
       7984019.00000
       7984029.00000
       7984032.00000
       7984041.00000
       7984026.00000
       7984034.00000
       7984028.00000
       7984028.00000
       7984016.00000
       7984003.00000
       7984006.00000
       7984031.00000
       7984051.00000
       7984021.00000
       7984032.00000
       7984043.00000
       7984031.00000
       7984027.00000
       7984030.00000
       7984037.00000
       7984024.00000
       7984039.00000
       7984032.00000
       7984020.00000
       7984054.00000
       7984028.00000
       7984026.00000
       7984043.00000
       7984025.00000
       7984034.00000
       7984025.00000
       7984025.00000
       7984034.00000
       7984043.00000
       7984012.00000
       7984039.00000
       7984044.00000
       7984049.00000
       7984026.00000
       7984036.00000
task 3 on core 1 executes 10000 times, exec_avg1:        7984031.00000
