task 1 access time:
       3011734.00000
       3011676.00000
       3011691.00000
       3011650.00000
       3011675.00000
       3011691.00000
       3011714.00000
       3011698.00000
       3011665.00000
       3011672.00000
       3011679.00000
       3011681.00000
       3011677.00000
       3011671.00000
       3011670.00000
       3011642.00000
       3011681.00000
       3011681.00000
       3011748.00000
       3011676.00000
       3011661.00000
       3011683.00000
       3011652.00000
       3011664.00000
       3011738.00000
       3011680.00000
       3011686.00000
       3011710.00000
       3011686.00000
       3011679.00000
       3011686.00000
       3011675.00000
       3011659.00000
       3011703.00000
       3011660.00000
       3011651.00000
       3011630.00000
       3011662.00000
       3011639.00000
       3011659.00000
       3011685.00000
       3011674.00000
       3011690.00000
       3011663.00000
       3011685.00000
       3011716.00000
       3011672.00000
       3011656.00000
       3011655.00000
       3011654.00000
       3011664.00000
       3011708.00000
       3011691.00000
       3011680.00000
       3011696.00000
       3011714.00000
       3011714.00000
       3011655.00000
       3011655.00000
       3011672.00000
       3011667.00000
       3011651.00000
       3011683.00000
       3011671.00000
       3011654.00000
       3011685.00000
       3011688.00000
       3011671.00000
       3011673.00000
       3011656.00000
       3011704.00000
       3011688.00000
       3011673.00000
       3011657.00000
       3011705.00000
       3011689.00000
       3011682.00000
       3011648.00000
       3011691.00000
       3011678.00000
       3011673.00000
       3011676.00000
       3011671.00000
       3011652.00000
       3011669.00000
       3011690.00000
       3011658.00000
       3011673.00000
       3011690.00000
       3011649.00000
       3011673.00000
       3011651.00000
       3011697.00000
       3011709.00000
       3011687.00000
       3011707.00000
       3011661.00000
       3011643.00000
       3011696.00000
       3011669.00000
task 0 on core 1 executes 10000 times, exec_avg1:        3011677.00000
task 2 access time:
       5013479.00000
       5013375.00000
       5013386.00000
       5013340.00000
       5013409.00000
       5013416.00000
       5013475.00000
       5013427.00000
       5013396.00000
       5013396.00000
       5013373.00000
       5013408.00000
       5013395.00000
       5013415.00000
       5013397.00000
       5013340.00000
       5013398.00000
       5013413.00000
       5013507.00000
       5013394.00000
       5013392.00000
       5013399.00000
       5013366.00000
       5013394.00000
       5013448.00000
       5013397.00000
       5013407.00000
       5013447.00000
       5013396.00000
       5013404.00000
       5013390.00000
       5013399.00000
       5013358.00000
       5013423.00000
       5013388.00000
       5013362.00000
       5013312.00000
       5013380.00000
       5013356.00000
       5013371.00000
       5013414.00000
       5013415.00000
       5013391.00000
       5013362.00000
       5013405.00000
       5013431.00000
       5013391.00000
       5013359.00000
       5013399.00000
       5013392.00000
       5013390.00000
       5013445.00000
       5013411.00000
       5013377.00000
       5013428.00000
       5013451.00000
       5013427.00000
       5013383.00000
       5013384.00000
       5013395.00000
       5013408.00000
       5013384.00000
       5013387.00000
       5013390.00000
       5013364.00000
       5013399.00000
       5013393.00000
       5013398.00000
       5013393.00000
       5013374.00000
       5013403.00000
       5013421.00000
       5013383.00000
       5013379.00000
       5013418.00000
       5013405.00000
       5013403.00000
       5013371.00000
       5013416.00000
       5013413.00000
       5013401.00000
       5013424.00000
       5013362.00000
       5013371.00000
       5013393.00000
       5013416.00000
       5013380.00000
       5013392.00000
       5013434.00000
       5013361.00000
       5013406.00000
       5013385.00000
       5013402.00000
       5013447.00000
       5013412.00000
       5013433.00000
       5013361.00000
       5013379.00000
       5013387.00000
       5013413.00000
task 1 on core 2 executes 10000 times, exec_avg1:        5013398.00000
task 3 access time:
       7984052.00000
       7984023.00000
       7984043.00000
       7984041.00000
       7984018.00000
       7984048.00000
       7984035.00000
       7984021.00000
       7984039.00000
       7984017.00000
       7984031.00000
       7984034.00000
       7984024.00000
       7984010.00000
       7984029.00000
       7984019.00000
       7984031.00000
       7984035.00000
       7984033.00000
       7984033.00000
       7984036.00000
       7984012.00000
       7984013.00000
       7984023.00000
       7984008.00000
       7984030.00000
       7984045.00000
       7984040.00000
       7984033.00000
       7984021.00000
       7984035.00000
       7984038.00000
       7984019.00000
       7984020.00000
       7984031.00000
       7984015.00000
       7984044.00000
       7984040.00000
       7984043.00000
       7984037.00000
       7984022.00000
       7984045.00000
       7984033.00000
       7984032.00000
       7984017.00000
       7984031.00000
       7984027.00000
       7984020.00000
       7984037.00000
       7984015.00000
       7984039.00000
       7984028.00000
       7984052.00000
       7984029.00000
       7984024.00000
       7984048.00000
       7984028.00000
       7984028.00000
       7984045.00000
       7984045.00000
       7984033.00000
       7984051.00000
       7984033.00000
       7984025.00000
       7984021.00000
       7983998.00000
       7984039.00000
       7984038.00000
       7984036.00000
       7984031.00000
       7984031.00000
       7984034.00000
       7984041.00000
       7984032.00000
       7984025.00000
       7984013.00000
       7984031.00000
       7984031.00000
       7984021.00000
       7984017.00000
       7984001.00000
       7984041.00000
       7984033.00000
       7984018.00000
       7984022.00000
       7984040.00000
       7984038.00000
       7984032.00000
       7984060.00000
       7984050.00000
       7984035.00000
       7984006.00000
       7984015.00000
       7984049.00000
       7984031.00000
       7984029.00000
       7984012.00000
       7984028.00000
       7984025.00000
       7984035.00000
task 2 on core 1 executes 10000 times, exec_avg1:        7984030.00000
