task 1 access time:
       2994456.00000
       2994344.00000
       2994501.00000
       2994439.00000
       2994302.00000
       2994441.00000
       2994260.00000
       2994332.00000
       2994270.00000
       2994427.00000
       2994246.00000
       2994213.00000
       2994223.00000
       2994201.00000
       2994210.00000
       2994343.00000
       2994244.00000
       2994225.00000
       2994220.00000
       2994217.00000
       2994209.00000
       2994210.00000
       2994217.00000
       2994219.00000
       2994203.00000
       2994224.00000
       2994220.00000
       2994229.00000
       2994214.00000
       2994243.00000
       2994221.00000
       2994221.00000
       2994218.00000
       2994216.00000
       2994217.00000
       2994201.00000
       2994196.00000
       2994219.00000
       2994200.00000
       2994229.00000
       2994210.00000
       2994227.00000
       2994210.00000
       2994202.00000
       2994193.00000
       2994197.00000
       2994222.00000
       2994225.00000
       2994204.00000
       2994230.00000
       2994213.00000
       2994242.00000
       2994216.00000
       2994243.00000
       2994225.00000
       2994241.00000
       2994229.00000
       2994966.00000
       2994759.00000
       2994222.00000
       2994238.00000
       2994242.00000
       2994259.00000
       2994222.00000
       2994217.00000
       2994242.00000
       2994234.00000
       2994233.00000
       2994214.00000
       2994207.00000
       2994219.00000
       2994203.00000
       2994204.00000
       2994179.00000
       2994199.00000
       2994222.00000
       2994203.00000
       2994223.00000
       2994212.00000
       2994220.00000
       2994219.00000
       2994209.00000
       2994379.00000
       2994228.00000
       2994218.00000
       2994218.00000
       2994222.00000
       2994225.00000
       2994211.00000
       2994237.00000
       2994213.00000
       2994229.00000
       2994212.00000
       2994197.00000
       2994238.00000
       2994232.00000
       2994229.00000
       2994214.00000
       2994215.00000
       2994198.00000
task 0 on core 1 executes 10000 times, exec_avg1:        2994251.00000
