task 1 access time:
           168.00000
           165.00000
           165.00000
           165.00000
           164.00000
           164.00000
           164.00000
           165.00000
           165.00000
           163.00000
           163.00000
           164.00000
           165.00000
           165.00000
           165.00000
           164.00000
           164.00000
           165.00000
           169.00000
           165.00000
           165.00000
           165.00000
           165.00000
           165.00000
           165.00000
           166.00000
           164.00000
           165.00000
           165.00000
           165.00000
           165.00000
           165.00000
           165.00000
           325.00000
           165.00000
           165.00000
           165.00000
           165.00000
           165.00000
           166.00000
           166.00000
           166.00000
           165.00000
           165.00000
           164.00000
           165.00000
           165.00000
           165.00000
           165.00000
           164.00000
           164.00000
           164.00000
           165.00000
           165.00000
           164.00000
           165.00000
           165.00000
           165.00000
           166.00000
           165.00000
           165.00000
           164.00000
           166.00000
           166.00000
           165.00000
           166.00000
           165.00000
           165.00000
           165.00000
           166.00000
           166.00000
           174.00000
           164.00000
           165.00000
           165.00000
           165.00000
           165.00000
           165.00000
           165.00000
           164.00000
           166.00000
           166.00000
           165.00000
           164.00000
           165.00000
           165.00000
           166.00000
           165.00000
           165.00000
           164.00000
           165.00000
           165.00000
           165.00000
           165.00000
           165.00000
           165.00000
           164.00000
           165.00000
           165.00000
           164.00000
task 0 on core 1 executes 10000 times, exec_avg1:            167.00000
task 2 access time:
       1998866.00000
       1998880.00000
       1998850.00000
       1998867.00000
       1998893.00000
       1998865.00000
       1998825.00000
       1998841.00000
       1998843.00000
       1998847.00000
       1998826.00000
       1998828.00000
       1998833.00000
       1998846.00000
       1998852.00000
       1998835.00000
       1998876.00000
       1998838.00000
       1998834.00000
       1998844.00000
       1998905.00000
       1998880.00000
       1998797.00000
       1998824.00000
       1998844.00000
       1998868.00000
       1998838.00000
       1998843.00000
       1998862.00000
       1998852.00000
       1998857.00000
       1998860.00000
       1998822.00000
       1999401.00000
       1998866.00000
       1998853.00000
       1998852.00000
       1998872.00000
       1998842.00000
       1998815.00000
       1998840.00000
       1998855.00000
       1998884.00000
       1998856.00000
       1998858.00000
       1998854.00000
       1998831.00000
       1998838.00000
       1998874.00000
       1998834.00000
       1998853.00000
       1998851.00000
       1998889.00000
       1998854.00000
       1998899.00000
       1998869.00000
       1998845.00000
       1998848.00000
       1998846.00000
       1998854.00000
       1998793.00000
       1998815.00000
       1998827.00000
       1998810.00000
       1998817.00000
       1998860.00000
       1998866.00000
       1998868.00000
       1998816.00000
       1998834.00000
       1998885.00000
       1999190.00000
       1998843.00000
       1998886.00000
       1998852.00000
       1998868.00000
       1998869.00000
       1998887.00000
       1998867.00000
       1998862.00000
       1998855.00000
       1998856.00000
       1998853.00000
       1998842.00000
       1998844.00000
       1998860.00000
       1998866.00000
       1998830.00000
       1998862.00000
       1998828.00000
       1998855.00000
       1998855.00000
       1998887.00000
       1998839.00000
       1998833.00000
       1998834.00000
       1998864.00000
       1998871.00000
       1998816.00000
       1998863.00000
task 1 on core 2 executes 10000 times, exec_avg1:        1998860.00000
task 3 access time:
       7984102.00000
       7984113.00000
       7984087.00000
       7984071.00000
       7984097.00000
       7984093.00000
       7984118.00000
       7984099.00000
       7984114.00000
       7984107.00000
       7984094.00000
       7984104.00000
       7984098.00000
       7984085.00000
       7984117.00000
       7984116.00000
       7984112.00000
       7984106.00000
       7984102.00000
       7984111.00000
       7984112.00000
       7984104.00000
       7984109.00000
       7984104.00000
       7984113.00000
       7984125.00000
       7984120.00000
       7984102.00000
       7984098.00000
       7984122.00000
       7984084.00000
       7984094.00000
       7984120.00000
       7984112.00000
       7984090.00000
       7984121.00000
       7984108.00000
       7984100.00000
       7984091.00000
       7984094.00000
       7984085.00000
       7984123.00000
       7984104.00000
       7984084.00000
       7984104.00000
       7984119.00000
       7984128.00000
       7984107.00000
       7984115.00000
       7984085.00000
       7984105.00000
       7984113.00000
       7984097.00000
       7984108.00000
       7984119.00000
       7984123.00000
       7984110.00000
       7984116.00000
       7984099.00000
       7984117.00000
       7984119.00000
       7984115.00000
       7984100.00000
       7984124.00000
       7984083.00000
       7984117.00000
       7984104.00000
       7984108.00000
       7984107.00000
       7984098.00000
       7984087.00000
       7984148.00000
       7984095.00000
       7984121.00000
       7984104.00000
       7984110.00000
       7984112.00000
       7984116.00000
       7984117.00000
       7984125.00000
       7984098.00000
       7984104.00000
       7984096.00000
       7984111.00000
       7984086.00000
       7984114.00000
       7984101.00000
       7984117.00000
       7984124.00000
       7984117.00000
       7984116.00000
       7984093.00000
       7984116.00000
       7984098.00000
       7984082.00000
       7984089.00000
       7984104.00000
       7984097.00000
       7984084.00000
       7984097.00000
task 2 on core 1 executes 10000 times, exec_avg1:        7984106.00000
