task 1 access time:
           148.00000
           143.00000
           143.00000
           143.00000
           143.00000
           143.00000
           142.00000
           144.00000
           143.00000
           144.00000
           143.00000
           150.00000
           145.00000
           145.00000
           145.00000
           145.00000
           144.00000
           145.00000
           145.00000
           147.00000
           146.00000
           146.00000
           146.00000
           146.00000
           147.00000
           146.00000
           146.00000
           146.00000
           146.00000
           146.00000
           145.00000
           145.00000
           145.00000
           146.00000
           145.00000
           146.00000
           145.00000
           157.00000
           145.00000
           146.00000
           146.00000
           146.00000
           146.00000
           146.00000
           146.00000
           146.00000
           146.00000
           146.00000
           146.00000
           146.00000
           146.00000
           146.00000
           146.00000
           145.00000
           146.00000
           146.00000
           146.00000
           146.00000
           146.00000
           146.00000
           145.00000
           146.00000
           145.00000
           146.00000
           146.00000
           146.00000
           146.00000
           145.00000
           146.00000
           145.00000
           152.00000
           145.00000
           145.00000
           147.00000
           145.00000
           146.00000
           145.00000
           145.00000
           145.00000
           145.00000
           154.00000
           146.00000
           146.00000
           146.00000
           146.00000
           146.00000
           146.00000
           145.00000
           146.00000
           146.00000
           145.00000
           146.00000
           146.00000
           146.00000
           146.00000
           145.00000
           146.00000
           147.00000
           145.00000
           146.00000
task 0 on core 1 executes 10000 times, exec_avg1:            146.00000
task 2 access time:
       9981532.00000
       9981532.00000
       9981522.00000
       9981589.00000
       9981503.00000
       9981523.00000
       9981533.00000
       9981543.00000
       9981484.00000
       9981540.00000
       9981513.00000
       9981516.00000
       9981545.00000
       9981527.00000
       9981523.00000
       9981517.00000
       9981500.00000
       9981504.00000
       9981538.00000
       9981500.00000
       9981539.00000
       9981518.00000
       9981550.00000
       9981551.00000
       9981559.00000
       9981524.00000
       9981532.00000
       9981524.00000
       9981553.00000
       9981544.00000
       9981501.00000
       9981512.00000
       9981506.00000
       9981535.00000
       9981540.00000
       9981565.00000
       9981511.00000
       9981369.00000
       9981517.00000
       9981534.00000
       9981533.00000
       9981517.00000
       9981535.00000
       9981516.00000
       9981490.00000
       9981587.00000
       9981463.00000
       9981514.00000
       9981503.00000
       9981539.00000
       9981457.00000
       9981498.00000
       9981519.00000
       9981473.00000
       9981567.00000
       9981515.00000
       9981517.00000
       9981501.00000
       9981559.00000
       9981510.00000
       9981519.00000
       9981500.00000
       9981556.00000
       9981516.00000
       9981512.00000
       9981521.00000
       9981497.00000
       9981477.00000
       9981538.00000
       9981514.00000
       9981507.00000
       9981469.00000
       9981512.00000
       9981522.00000
       9981522.00000
       9981548.00000
       9981477.00000
       9981531.00000
       9981525.00000
       9981515.00000
       9981586.00000
       9981523.00000
       9981509.00000
       9981516.00000
       9981492.00000
       9981530.00000
       9981473.00000
       9981489.00000
       9981491.00000
       9981527.00000
       9981509.00000
       9981528.00000
       9981494.00000
       9981510.00000
       9981494.00000
       9981493.00000
       9981502.00000
       9981511.00000
       9981452.00000
       9981506.00000
task 1 on core 2 executes 10000 times, exec_avg1:        9981517.00000
task 3 access time:
       7984012.00000
       7984035.00000
       7984029.00000
       7984027.00000
       7983993.00000
       7984022.00000
       7984022.00000
       7984012.00000
       7984006.00000
       7984037.00000
       7984021.00000
       7984013.00000
       7984015.00000
       7984027.00000
       7984018.00000
       7984037.00000
       7984003.00000
       7984017.00000
       7984020.00000
       7984010.00000
       7984022.00000
       7984034.00000
       7984048.00000
       7984026.00000
       7984035.00000
       7984014.00000
       7984013.00000
       7984039.00000
       7984044.00000
       7984024.00000
       7984004.00000
       7984021.00000
       7984027.00000
       7984030.00000
       7984022.00000
       7984037.00000
       7984016.00000
       7984024.00000
       7984012.00000
       7984013.00000
       7984027.00000
       7984023.00000
       7984014.00000
       7984014.00000
       7984026.00000
       7984017.00000
       7983998.00000
       7984010.00000
       7983994.00000
       7984029.00000
       7984019.00000
       7984004.00000
       7984027.00000
       7984010.00000
       7984032.00000
       7984013.00000
       7984019.00000
       7984032.00000
       7984016.00000
       7984010.00000
       7984024.00000
       7984020.00000
       7984025.00000
       7984023.00000
       7984031.00000
       7984008.00000
       7984012.00000
       7984011.00000
       7984025.00000
       7984012.00000
       7984022.00000
       7984006.00000
       7984000.00000
       7984029.00000
       7984017.00000
       7984023.00000
       7984018.00000
       7984028.00000
       7984030.00000
       7984016.00000
       7984035.00000
       7984020.00000
       7984024.00000
       7984017.00000
       7984013.00000
       7984040.00000
       7984016.00000
       7984012.00000
       7984017.00000
       7984019.00000
       7984025.00000
       7984027.00000
       7984007.00000
       7984010.00000
       7984001.00000
       7984005.00000
       7984014.00000
       7984040.00000
       7984004.00000
       7984012.00000
task 2 on core 1 executes 10000 times, exec_avg1:        7984020.00000
