task 1 access time:
           156.00000
           350.00000
           281.00000
           369.00000
           219.00000
           367.00000
           253.00000
           244.00000
           147.00000
           251.00000
           133.00000
           134.00000
           134.00000
           134.00000
           134.00000
           134.00000
           134.00000
           134.00000
           134.00000
           134.00000
           134.00000
           135.00000
           135.00000
           135.00000
           134.00000
           134.00000
           135.00000
           134.00000
           135.00000
           134.00000
           134.00000
           134.00000
           134.00000
           135.00000
           134.00000
           134.00000
           133.00000
           133.00000
           134.00000
           133.00000
           133.00000
           135.00000
           135.00000
           135.00000
           135.00000
           135.00000
           134.00000
           134.00000
           134.00000
           134.00000
           135.00000
           134.00000
           134.00000
           135.00000
           134.00000
           134.00000
           134.00000
           134.00000
           135.00000
           134.00000
           134.00000
           134.00000
           135.00000
           134.00000
           134.00000
           135.00000
           134.00000
           134.00000
           135.00000
           134.00000
           134.00000
           134.00000
           135.00000
           136.00000
           154.00000
           135.00000
           136.00000
           135.00000
           134.00000
           134.00000
           134.00000
           135.00000
           135.00000
           134.00000
           134.00000
           133.00000
           134.00000
           134.00000
           134.00000
           134.00000
           134.00000
           134.00000
           134.00000
           134.00000
           134.00000
           134.00000
           134.00000
           134.00000
           134.00000
           134.00000
task 0 on core 1 executes 10000 times, exec_avg1:            147.00000
