task 1 access time:
           144.00000
           141.00000
           141.00000
           141.00000
           143.00000
           140.00000
           141.00000
           141.00000
           141.00000
           141.00000
           141.00000
           141.00000
           140.00000
           139.00000
           139.00000
           139.00000
           139.00000
           138.00000
           138.00000
           138.00000
           138.00000
           139.00000
           139.00000
           138.00000
           138.00000
           139.00000
           140.00000
           147.00000
           140.00000
           144.00000
           139.00000
           138.00000
           138.00000
           146.00000
           139.00000
           139.00000
           138.00000
           141.00000
           141.00000
           141.00000
           141.00000
           141.00000
           141.00000
           141.00000
           148.00000
           141.00000
           141.00000
           141.00000
           141.00000
           141.00000
           148.00000
           141.00000
           141.00000
           141.00000
           140.00000
           147.00000
           141.00000
           141.00000
           141.00000
           141.00000
           141.00000
           141.00000
           141.00000
           140.00000
           148.00000
           141.00000
           141.00000
           141.00000
           140.00000
           144.00000
           140.00000
           142.00000
           141.00000
           140.00000
           141.00000
           148.00000
           140.00000
           141.00000
           147.00000
           140.00000
           140.00000
           141.00000
           141.00000
           140.00000
           148.00000
           141.00000
           140.00000
           140.00000
           141.00000
           141.00000
           140.00000
           141.00000
           140.00000
           141.00000
           147.00000
           140.00000
           140.00000
           140.00000
           140.00000
           140.00000
task 0 on core 1 executes 10000 times, exec_avg1:            141.00000
task 2 access time:
       1996162.00000
       1996164.00000
       1996154.00000
       1996141.00000
       1996162.00000
       1996146.00000
       1996170.00000
       1996132.00000
       1996125.00000
       1996134.00000
       1996163.00000
       1996129.00000
       1996131.00000
       1996126.00000
       1996181.00000
       1996143.00000
       1996160.00000
       1996151.00000
       1996145.00000
       1996148.00000
       1996198.00000
       1996178.00000
       1996140.00000
       1996172.00000
       1996120.00000
       1996129.00000
       1996124.00000
       1996203.00000
       1996156.00000
       1996163.00000
       1996141.00000
       1996164.00000
       1996128.00000
       1996148.00000
       1996158.00000
       1996171.00000
       1996135.00000
       1996144.00000
       1996176.00000
       1996141.00000
       1996167.00000
       1996118.00000
       1996135.00000
       1996148.00000
       1996198.00000
       1996154.00000
       1996182.00000
       1996189.00000
       1996189.00000
       1996176.00000
       1996151.00000
       1996123.00000
       1996149.00000
       1996162.00000
       1996128.00000
       1996177.00000
       1996157.00000
       1996177.00000
       1996157.00000
       1996133.00000
       1996159.00000
       1996181.00000
       1996123.00000
       1996177.00000
       1996158.00000
       1996144.00000
       1996150.00000
       1996166.00000
       1996157.00000
       1996157.00000
       1996184.00000
       1996136.00000
       1996195.00000
       1996141.00000
       1996158.00000
       1996161.00000
       1996145.00000
       1996172.00000
       1996139.00000
       1996175.00000
       1996165.00000
       1996206.00000
       1996188.00000
       1996171.00000
       1996196.00000
       1996171.00000
       1996171.00000
       1996151.00000
       1996188.00000
       1996146.00000
       1996120.00000
       1996174.00000
       1996178.00000
       1996150.00000
       1996185.00000
       1996169.00000
       1996162.00000
       1996158.00000
       1996123.00000
       1996148.00000
task 1 on core 2 executes 10000 times, exec_avg1:        1996157.00000
