task 1 access time:
           158.00000
           155.00000
           155.00000
           155.00000
           155.00000
           155.00000
           155.00000
           155.00000
           155.00000
           161.00000
           162.00000
           155.00000
           155.00000
           155.00000
           155.00000
           155.00000
           155.00000
           155.00000
           154.00000
           155.00000
           155.00000
           154.00000
           154.00000
           155.00000
           155.00000
           155.00000
           154.00000
           154.00000
           155.00000
           155.00000
           155.00000
           155.00000
           155.00000
           155.00000
           160.00000
           155.00000
           154.00000
           154.00000
           154.00000
           155.00000
           155.00000
           155.00000
           155.00000
           155.00000
           155.00000
           155.00000
           155.00000
           154.00000
           154.00000
           154.00000
           154.00000
           155.00000
           154.00000
           155.00000
           154.00000
           154.00000
           154.00000
           154.00000
           158.00000
           154.00000
           155.00000
           154.00000
           154.00000
           155.00000
           154.00000
           155.00000
           154.00000
           154.00000
           155.00000
           154.00000
           155.00000
           155.00000
           154.00000
           155.00000
           155.00000
           155.00000
           155.00000
           155.00000
           155.00000
           155.00000
           155.00000
           155.00000
           160.00000
           155.00000
           155.00000
           155.00000
           155.00000
           155.00000
           155.00000
           155.00000
           155.00000
           155.00000
           155.00000
           155.00000
           155.00000
           155.00000
           155.00000
           155.00000
           155.00000
           155.00000
task 0 on core 1 executes 10000 times, exec_avg1:            155.00000
task 2 access time:
       1999335.00000
       1999322.00000
       1999356.00000
       1999352.00000
       1999360.00000
       1999384.00000
       1999362.00000
       1999350.00000
       1999354.00000
       1999394.00000
       1999384.00000
       1999344.00000
       1999352.00000
       1999314.00000
       1999358.00000
       1999340.00000
       1999300.00000
       1999344.00000
       1999290.00000
       1999442.00000
       1999351.00000
       1999351.00000
       1999332.00000
       1999323.00000
       1999390.00000
       1999309.00000
       1999378.00000
       1999342.00000
       1999352.00000
       1999363.00000
       1999342.00000
       1999330.00000
       1999340.00000
       1999359.00000
       1999377.00000
       1999352.00000
       1999350.00000
       1999326.00000
       1999352.00000
       1999334.00000
       1999342.00000
       1999352.00000
       1999354.00000
       1999392.00000
       1999454.00000
       1999361.00000
       1999320.00000
       1999364.00000
       1999343.00000
       1999320.00000
       1999363.00000
       1999338.00000
       1999310.00000
       1999356.00000
       1999360.00000
       1999358.00000
       1999360.00000
       1999348.00000
       1999416.00000
       1999421.00000
       1999317.00000
       1999363.00000
       1999322.00000
       1999294.00000
       1999360.00000
       1999392.00000
       1999350.00000
       1999359.00000
       1999344.00000
       1999358.00000
       1999336.00000
       1999403.00000
       1999391.00000
       1999331.00000
       1999326.00000
       1999353.00000
       1999360.00000
       1999368.00000
       1999327.00000
       1999313.00000
       1999384.00000
       1999325.00000
       1999318.00000
       1999331.00000
       1999313.00000
       1999310.00000
       1999389.00000
       1999348.00000
       1999342.00000
       1999339.00000
       1999403.00000
       1999357.00000
       1999360.00000
       1999310.00000
       1999333.00000
       1999421.00000
       1999346.00000
       1999378.00000
       1999335.00000
       1999367.00000
task 1 on core 2 executes 10000 times, exec_avg1:        1999352.00000
task 3 access time:
       3995748.00000
       3995735.00000
       3995749.00000
       3995788.00000
       3995754.00000
       3995782.00000
       3995780.00000
       3995748.00000
       3995742.00000
       3995828.00000
       3995819.00000
       3995751.00000
       3995750.00000
       3995735.00000
       3995780.00000
       3995748.00000
       3995699.00000
       3995782.00000
       3995693.00000
       3995874.00000
       3995794.00000
       3995733.00000
       3995743.00000
       3995750.00000
       3995805.00000
       3995720.00000
       3995755.00000
       3995748.00000
       3995764.00000
       3995770.00000
       3995740.00000
       3995725.00000
       3995736.00000
       3995769.00000
       3995777.00000
       3995775.00000
       3995757.00000
       3995727.00000
       3995773.00000
       3995745.00000
       3995790.00000
       3995779.00000
       3995784.00000
       3995787.00000
       3995867.00000
       3995749.00000
       3995746.00000
       3995767.00000
       3995746.00000
       3995716.00000
       3995775.00000
       3995802.00000
       3995713.00000
       3995784.00000
       3995769.00000
       3995757.00000
       3995801.00000
       3995757.00000
       3995840.00000
       3995813.00000
       3995711.00000
       3995775.00000
       3995761.00000
       3995710.00000
       3995806.00000
       3995775.00000
       3995769.00000
       3995811.00000
       3995732.00000
       3995780.00000
       3995748.00000
       3995824.00000
       3995791.00000
       3995753.00000
       3995721.00000
       3995762.00000
       3995758.00000
       3995781.00000
       3995723.00000
       3995737.00000
       3995805.00000
       3995742.00000
       3995758.00000
       3995749.00000
       3995745.00000
       3995706.00000
       3995784.00000
       3995736.00000
       3995758.00000
       3995754.00000
       3995794.00000
       3995741.00000
       3995793.00000
       3995707.00000
       3995700.00000
       3995809.00000
       3995755.00000
       3995799.00000
       3995734.00000
       3995758.00000
task 2 on core 3 executes 10000 times, exec_avg1:        3995763.00000
task 4 access time:
       7984030.00000
       7984028.00000
       7984011.00000
       7984053.00000
       7984033.00000
       7984046.00000
       7984026.00000
       7984033.00000
       7984045.00000
       7984044.00000
       7984041.00000
       7984043.00000
       7984033.00000
       7984038.00000
       7984038.00000
       7984041.00000
       7984034.00000
       7984038.00000
       7984040.00000
       7984020.00000
       7984046.00000
       7984028.00000
       7984040.00000
       7984038.00000
       7984047.00000
       7984041.00000
       7984023.00000
       7984054.00000
       7984040.00000
       7984020.00000
       7984047.00000
       7984044.00000
       7984015.00000
       7984029.00000
       7984037.00000
       7984027.00000
       7984063.00000
       7984020.00000
       7984044.00000
       7984042.00000
       7984019.00000
       7984015.00000
       7984030.00000
       7984048.00000
       7984035.00000
       7984027.00000
       7984051.00000
       7984037.00000
       7984038.00000
       7984032.00000
       7984019.00000
       7984042.00000
       7984021.00000
       7984028.00000
       7984028.00000
       7984030.00000
       7984017.00000
       7984030.00000
       7984054.00000
       7984046.00000
       7984036.00000
       7984029.00000
       7984039.00000
       7984039.00000
       7984021.00000
       7984026.00000
       7984029.00000
       7984036.00000
       7984037.00000
       7984041.00000
       7984038.00000
       7984038.00000
       7984027.00000
       7984028.00000
       7984023.00000
       7984025.00000
       7984024.00000
       7984038.00000
       7984024.00000
       7984018.00000
       7984027.00000
       7984024.00000
       7984045.00000
       7984043.00000
       7984046.00000
       7984056.00000
       7984039.00000
       7984024.00000
       7984028.00000
       7984028.00000
       7984012.00000
       7984031.00000
       7984048.00000
       7984050.00000
       7984020.00000
       7984049.00000
       7984040.00000
       7984031.00000
       7984019.00000
       7984024.00000
task 3 on core 1 executes 10000 times, exec_avg1:        7984034.00000
