task 1 access time:
       2994381.00000
       2994827.00000
       2994272.00000
       2994586.00000
       2994344.00000
       2994556.00000
       2994356.00000
       2994721.00000
       2994348.00000
       2994528.00000
       2994233.00000
       2994214.00000
       2994238.00000
       2994223.00000
       2994213.00000
       2994237.00000
       2994233.00000
       2994236.00000
       2994238.00000
       2994192.00000
       2994254.00000
       2994218.00000
       2994206.00000
       2994231.00000
       2994215.00000
       2994238.00000
       2994242.00000
       2994217.00000
       2994226.00000
       2994252.00000
       2994202.00000
       2994245.00000
       2994262.00000
       2994241.00000
       2994234.00000
       2994251.00000
       2994188.00000
       2994193.00000
       2994228.00000
       2994235.00000
       2994216.00000
       2994240.00000
       2994225.00000
       2994220.00000
       2994221.00000
       2994245.00000
       2994231.00000
       2994221.00000
       2994232.00000
       2994202.00000
       2994249.00000
       2994227.00000
       2994239.00000
       2994232.00000
       2994227.00000
       2994251.00000
       2994233.00000
       2994226.00000
       2994223.00000
       2994236.00000
       2994244.00000
       2994227.00000
       2994645.00000
       2994240.00000
       2994216.00000
       2994209.00000
       2994216.00000
       2994198.00000
       2994234.00000
       2994225.00000
       2994229.00000
       2994244.00000
       2994234.00000
       2994225.00000
       2994224.00000
       2994212.00000
       2994214.00000
       2994247.00000
       2994239.00000
       2994222.00000
       2994243.00000
       2994247.00000
       2994230.00000
       2994252.00000
       2994207.00000
       2994210.00000
       2994195.00000
       2994253.00000
       2994226.00000
       2994229.00000
       2994245.00000
       2994201.00000
       2994229.00000
       2994213.00000
       2994204.00000
       2994222.00000
       2994230.00000
       2994216.00000
       2994226.00000
       2994234.00000
task 0 on core 1 executes 10000 times, exec_avg1:        2994258.00000
