task 1 access time:
       2994132.00000
       2994120.00000
       2994121.00000
       2994144.00000
       2994127.00000
       2994135.00000
       2994162.00000
       2994127.00000
       2994123.00000
       2994110.00000
       2994105.00000
       2994127.00000
       2994134.00000
       2994117.00000
       2994118.00000
       2994115.00000
       2994143.00000
       2994131.00000
       2994119.00000
       2994139.00000
       2994110.00000
       2994133.00000
       2994126.00000
       2994149.00000
       2994112.00000
       2994101.00000
       2994126.00000
       2994131.00000
       2994108.00000
       2994111.00000
       2994138.00000
       2994136.00000
       2994100.00000
       2994142.00000
       2994160.00000
       2994110.00000
       2994138.00000
       2994120.00000
       2994142.00000
       2994100.00000
       2994132.00000
       2994135.00000
       2994150.00000
       2994112.00000
       2994115.00000
       2994136.00000
       2994115.00000
       2994116.00000
       2994128.00000
       2994093.00000
       2994120.00000
       2994131.00000
       2994106.00000
       2994137.00000
       2994128.00000
       2994114.00000
       2994116.00000
       2994112.00000
       2994129.00000
       2994117.00000
       2994108.00000
       2994098.00000
       2994108.00000
       2994119.00000
       2994152.00000
       2994145.00000
       2994088.00000
       2994093.00000
       2994126.00000
       2994130.00000
       2994104.00000
       2994116.00000
       2994118.00000
       2994150.00000
       2994116.00000
       2994141.00000
       2994122.00000
       2994112.00000
       2994113.00000
       2994122.00000
       2994122.00000
       2994127.00000
       2994097.00000
       2994168.00000
       2994121.00000
       2994128.00000
       2994152.00000
       2994137.00000
       2994117.00000
       2994134.00000
       2994124.00000
       2994122.00000
       2994142.00000
       2994129.00000
       2994129.00000
       2994149.00000
       2994126.00000
       2994119.00000
       2994133.00000
       2994120.00000
task 0 on core 1 executes 10000 times, exec_avg1:        2994125.00000
task 2 access time:
       4990095.00000
       4990117.00000
       4990104.00000
       4990130.00000
       4990110.00000
       4990106.00000
       4990115.00000
       4990089.00000
       4990058.00000
       4990080.00000
       4990067.00000
       4990105.00000
       4990114.00000
       4990074.00000
       4990085.00000
       4990068.00000
       4990103.00000
       4990099.00000
       4990096.00000
       4990120.00000
       4990112.00000
       4990102.00000
       4990113.00000
       4990127.00000
       4990072.00000
       4990072.00000
       4990102.00000
       4990085.00000
       4990085.00000
       4990079.00000
       4990107.00000
       4990101.00000
       4990069.00000
       4990140.00000
       4990095.00000
       4990070.00000
       4990098.00000
       4990105.00000
       4990106.00000
       4990059.00000
       4990108.00000
       4990101.00000
       4990126.00000
       4990086.00000
       4990108.00000
       4990097.00000
       4990093.00000
       4990060.00000
       4990086.00000
       4990058.00000
       4990097.00000
       4990126.00000
       4990054.00000
       4990094.00000
       4990094.00000
       4990056.00000
       4990077.00000
       4990069.00000
       4990079.00000
       4990109.00000
       4990096.00000
       4990069.00000
       4990075.00000
       4990072.00000
       4990100.00000
       4990102.00000
       4990032.00000
       4990068.00000
       4990118.00000
       4990105.00000
       4990064.00000
       4990044.00000
       4990087.00000
       4990134.00000
       4990095.00000
       4990073.00000
       4990100.00000
       4990079.00000
       4990052.00000
       4990110.00000
       4990060.00000
       4990072.00000
       4990072.00000
       4990149.00000
       4990102.00000
       4990084.00000
       4990108.00000
       4990071.00000
       4990082.00000
       4990087.00000
       4990087.00000
       4990066.00000
       4990089.00000
       4990117.00000
       4990074.00000
       4990130.00000
       4990080.00000
       4990063.00000
       4990114.00000
       4990073.00000
task 1 on core 2 executes 10000 times, exec_avg1:        4990091.00000
