task 1 access time:
       3001527.00000
       3001515.00000
       3001486.00000
       3001500.00000
       3001525.00000
       3001496.00000
       3001493.00000
       3001549.00000
       3001546.00000
       3001541.00000
       3001506.00000
       3001513.00000
       3001503.00000
       3001512.00000
       3001488.00000
       3001498.00000
       3001530.00000
       3001517.00000
       3001498.00000
       3001475.00000
       3001550.00000
       3001563.00000
       3001498.00000
       3001522.00000
       3001510.00000
       3001539.00000
       3001549.00000
       3001520.00000
       3001565.00000
       3001532.00000
       3001547.00000
       3001534.00000
       3001535.00000
       3001518.00000
       3001535.00000
       3001505.00000
       3001501.00000
       3001493.00000
       3001517.00000
       3001534.00000
       3001531.00000
       3001489.00000
       3001523.00000
       3001529.00000
       3001513.00000
       3001491.00000
       3001454.00000
       3001516.00000
       3001528.00000
       3001526.00000
       3001521.00000
       3001540.00000
       3001494.00000
       3001513.00000
       3001473.00000
       3001509.00000
       3001491.00000
       3001512.00000
       3001515.00000
       3001576.00000
       3001521.00000
       3001533.00000
       3001511.00000
       3001535.00000
       3001461.00000
       3001483.00000
       3001483.00000
       3001538.00000
       3001563.00000
       3001510.00000
       3001502.00000
       3001506.00000
       3001563.00000
       3001532.00000
       3001500.00000
       3001517.00000
       3001522.00000
       3001503.00000
       3001511.00000
       3001499.00000
       3001531.00000
       3001508.00000
       3001523.00000
       3001482.00000
       3001520.00000
       3001503.00000
       3001499.00000
       3001511.00000
       3001503.00000
       3001573.00000
       3001497.00000
       3001555.00000
       3001522.00000
       3001524.00000
       3001511.00000
       3001516.00000
       3001522.00000
       3001509.00000
       3001490.00000
       3001521.00000
task 0 on core 1 executes 10000 times, exec_avg1:        3001516.00000
task 2 access time:
       5003287.00000
       5003237.00000
       5003250.00000
       5003256.00000
       5003302.00000
       5003248.00000
       5003208.00000
       5003321.00000
       5003302.00000
       5003248.00000
       5003280.00000
       5003160.00000
       5003126.00000
       5003255.00000
       5003189.00000
       5003219.00000
       5003289.00000
       5003266.00000
       5003283.00000
       5003225.00000
       5003297.00000
       5003327.00000
       5003221.00000
       5003170.00000
       5003279.00000
       5003272.00000
       5003354.00000
       5003127.00000
       5003336.00000
       5003280.00000
       5003244.00000
       5003262.00000
       5003291.00000
       5003297.00000
       5003285.00000
       5003245.00000
       5003259.00000
       5003244.00000
       5003304.00000
       5003317.00000
       5003248.00000
       5003212.00000
       5003302.00000
       5003276.00000
       5003292.00000
       5003266.00000
       5003225.00000
       5003242.00000
       5003225.00000
       5003300.00000
       5003282.00000
       5003314.00000
       5003282.00000
       5003296.00000
       5003202.00000
       5003236.00000
       5003188.00000
       5003230.00000
       5003264.00000
       5003347.00000
       5003256.00000
       5003240.00000
       5003227.00000
       5003277.00000
       5003148.00000
       5003211.00000
       5003190.00000
       5003315.00000
       5003376.00000
       5003244.00000
       5003260.00000
       5003239.00000
       5003298.00000
       5003303.00000
       5003192.00000
       5003292.00000
       5003260.00000
       5003244.00000
       5003259.00000
       5003248.00000
       5003242.00000
       5003272.00000
       5003265.00000
       5003259.00000
       5003258.00000
       5003262.00000
       5003147.00000
       5003284.00000
       5003298.00000
       5003335.00000
       5003258.00000
       5003233.00000
       5003233.00000
       5003198.00000
       5003270.00000
       5003259.00000
       5003305.00000
       5003280.00000
       5003280.00000
       5003314.00000
task 1 on core 2 executes 10000 times, exec_avg1:        5003259.00000
task 3 access time:
       6999557.00000
       6999569.00000
       6999500.00000
       6999543.00000
       6999571.00000
       6999561.00000
       6999509.00000
       6999620.00000
       6999612.00000
       6999567.00000
       6999588.00000
       6999493.00000
       6999458.00000
       6999549.00000
       6999483.00000
       6999528.00000
       6999552.00000
       6999588.00000
       6999577.00000
       6999531.00000
       6999617.00000
       6999555.00000
       6999542.00000
       6999489.00000
       6999542.00000
       6999621.00000
       6999649.00000
       6999411.00000
       6999627.00000
       6999623.00000
       6999550.00000
       6999565.00000
       6999574.00000
       6999549.00000
       6999594.00000
       6999516.00000
       6999555.00000
       6999601.00000
       6999630.00000
       6999621.00000
       6999552.00000
       6999487.00000
       6999590.00000
       6999553.00000
       6999568.00000
       6999544.00000
       6999526.00000
       6999539.00000
       6999551.00000
       6999600.00000
       6999553.00000
       6999611.00000
       6999573.00000
       6999583.00000
       6999497.00000
       6999537.00000
       6999500.00000
       6999577.00000
       6999556.00000
       6999651.00000
       6999570.00000
       6999574.00000
       6999521.00000
       6999569.00000
       6999487.00000
       6999513.00000
       6999511.00000
       6999629.00000
       6999641.00000
       6999526.00000
       6999544.00000
       6999539.00000
       6999608.00000
       6999577.00000
       6999476.00000
       6999581.00000
       6999592.00000
       6999561.00000
       6999567.00000
       6999515.00000
       6999573.00000
       6999609.00000
       6999567.00000
       6999572.00000
       6999579.00000
       6999567.00000
       6999416.00000
       6999592.00000
       6999576.00000
       6999641.00000
       6999573.00000
       6999560.00000
       6999504.00000
       6999502.00000
       6999534.00000
       6999552.00000
       6999586.00000
       6999543.00000
       6999530.00000
       6999575.00000
task 2 on core 3 executes 10000 times, exec_avg1:        6999558.00000
task 4 access time:
       7984021.00000
       7984048.00000
       7984020.00000
       7984023.00000
       7984021.00000
       7984032.00000
       7984038.00000
       7984029.00000
       7984034.00000
       7984014.00000
       7984033.00000
       7984051.00000
       7984032.00000
       7984028.00000
       7984034.00000
       7984034.00000
       7984053.00000
       7984022.00000
       7984030.00000
       7984025.00000
       7984046.00000
       7984037.00000
       7984054.00000
       7984041.00000
       7984042.00000
       7984030.00000
       7984017.00000
       7984039.00000
       7984027.00000
       7984058.00000
       7984032.00000
       7984014.00000
       7984031.00000
       7984035.00000
       7984049.00000
       7984045.00000
       7984037.00000
       7984031.00000
       7984030.00000
       7984030.00000
       7984023.00000
       7984029.00000
       7984032.00000
       7984042.00000
       7984032.00000
       7984020.00000
       7984020.00000
       7984030.00000
       7984054.00000
       7984049.00000
       7984032.00000
       7984025.00000
       7984026.00000
       7984034.00000
       7984029.00000
       7984026.00000
       7984047.00000
       7984022.00000
       7984030.00000
       7984047.00000
       7984043.00000
       7984025.00000
       7984039.00000
       7984044.00000
       7984042.00000
       7984047.00000
       7984064.00000
       7984046.00000
       7984031.00000
       7984046.00000
       7984047.00000
       7984028.00000
       7984054.00000
       7984028.00000
       7984024.00000
       7984035.00000
       7984032.00000
       7984024.00000
       7984017.00000
       7984016.00000
       7984041.00000
       7984022.00000
       7984046.00000
       7984011.00000
       7984037.00000
       7984033.00000
       7984024.00000
       7984058.00000
       7984022.00000
       7984025.00000
       7984037.00000
       7984022.00000
       7984021.00000
       7984042.00000
       7984052.00000
       7984036.00000
       7984027.00000
       7984035.00000
       7984025.00000
       7984026.00000
task 3 on core 1 executes 10000 times, exec_avg1:        7984034.00000
