task 1 access time:
       3001764.00000
       3002112.00000
       3001611.00000
       3001813.00000
       3001729.00000
       3002025.00000
       3001595.00000
       3001805.00000
       3001695.00000
       3002057.00000
       3001602.00000
       3001871.00000
       3001680.00000
       3002110.00000
       3001629.00000
       3001871.00000
       3001673.00000
       3002060.00000
       3001568.00000
       3001836.00000
       3001683.00000
       3002129.00000
       3001637.00000
       3001798.00000
       3001725.00000
       3002082.00000
       3001583.00000
       3001851.00000
       3001704.00000
       3002038.00000
       3001655.00000
       3001794.00000
       3001643.00000
       3002077.00000
       3001542.00000
       3001792.00000
       3001726.00000
       3002094.00000
       3001587.00000
       3001860.00000
       3001719.00000
       3002105.00000
       3001578.00000
       3001811.00000
       3001781.00000
       3002112.00000
       3001634.00000
       3001818.00000
       3001707.00000
       3002118.00000
       3001711.00000
       3001897.00000
       3001731.00000
       3001949.00000
       3001576.00000
       3001772.00000
       3001739.00000
       3002073.00000
       3001580.00000
       3001790.00000
       3001665.00000
       3002098.00000
       3001589.00000
       3001799.00000
       3001717.00000
       3002040.00000
       3001652.00000
       3001857.00000
       3001593.00000
       3002085.00000
       3001564.00000
       3001794.00000
       3001731.00000
       3002088.00000
       3001625.00000
       3001802.00000
       3001636.00000
       3002017.00000
       3001613.00000
       3001810.00000
       3001674.00000
       3002076.00000
       3001664.00000
       3001787.00000
       3001689.00000
       3002080.00000
       3001594.00000
       3001835.00000
       3001704.00000
       3002093.00000
       3001624.00000
       3001805.00000
       3001739.00000
       3002089.00000
       3001643.00000
       3001851.00000
       3001704.00000
       3002161.00000
       3001660.00000
       3001843.00000
task 0 on core 1 executes 10000 times, exec_avg1:        3001804.00000
task 2 access time:
       4997817.00000
       4998148.00000
       4997674.00000
       4997883.00000
       4997767.00000
       4998080.00000
       4997600.00000
       4997852.00000
       4997723.00000
       4998068.00000
       4997674.00000
       4997914.00000
       4997683.00000
       4998167.00000
       4997662.00000
       4997908.00000
       4997670.00000
       4998102.00000
       4997580.00000
       4997857.00000
       4997680.00000
       4998191.00000
       4997645.00000
       4997813.00000
       4997763.00000
       4998167.00000
       4997610.00000
       4997897.00000
       4997697.00000
       4998075.00000
       4997683.00000
       4997807.00000
       4997656.00000
       4998152.00000
       4997548.00000
       4997841.00000
       4997797.00000
       4998143.00000
       4997597.00000
       4997892.00000
       4997702.00000
       4998163.00000
       4997601.00000
       4997874.00000
       4997807.00000
       4998161.00000
       4997644.00000
       4997843.00000
       4997760.00000
       4998172.00000
       4997702.00000
       4997921.00000
       4997723.00000
       4997988.00000
       4997600.00000
       4997832.00000
       4997726.00000
       4998143.00000
       4997581.00000
       4997822.00000
       4997679.00000
       4998185.00000
       4997624.00000
       4997817.00000
       4997714.00000
       4998094.00000
       4997673.00000
       4997894.00000
       4997619.00000
       4998130.00000
       4997570.00000
       4997827.00000
       4997767.00000
       4998110.00000
       4997671.00000
       4997846.00000
       4997672.00000
       4998039.00000
       4997639.00000
       4997809.00000
       4997691.00000
       4998119.00000
       4997667.00000
       4997839.00000
       4997708.00000
       4998121.00000
       4997641.00000
       4997867.00000
       4997674.00000
       4998146.00000
       4997647.00000
       4997805.00000
       4997775.00000
       4998123.00000
       4997648.00000
       4997905.00000
       4997681.00000
       4998197.00000
       4997698.00000
       4997897.00000
task 1 on core 2 executes 10000 times, exec_avg1:        4997835.00000
task 3 access time:
            15.00000
            15.00000
            15.00000
            15.00000
            15.00000
            15.00000
            15.00000
            15.00000
            15.00000
            15.00000
            15.00000
            15.00000
            15.00000
            15.00000
            15.00000
            15.00000
            15.00000
            15.00000
            15.00000
            15.00000
            15.00000
            15.00000
            15.00000
            15.00000
            15.00000
            15.00000
            15.00000
            15.00000
            15.00000
            15.00000
            15.00000
            15.00000
            15.00000
            15.00000
            15.00000
            15.00000
            15.00000
            15.00000
            15.00000
            15.00000
            15.00000
            15.00000
            15.00000
            15.00000
            15.00000
            15.00000
            15.00000
            15.00000
            15.00000
            15.00000
            15.00000
            15.00000
            15.00000
            15.00000
            15.00000
            15.00000
            15.00000
            15.00000
            15.00000
            15.00000
            15.00000
            15.00000
            15.00000
            15.00000
            15.00000
            15.00000
            15.00000
            15.00000
            15.00000
            15.00000
            15.00000
            15.00000
            15.00000
            15.00000
            15.00000
            15.00000
            15.00000
            15.00000
            15.00000
            15.00000
            15.00000
            15.00000
            15.00000
            15.00000
            15.00000
            15.00000
            15.00000
            15.00000
            15.00000
            15.00000
            15.00000
            15.00000
            15.00000
            15.00000
            15.00000
            15.00000
            15.00000
            15.00000
            15.00000
            15.00000
task 2 on core 1 executes 10000 times, exec_avg1:             15.00000
