task 1 access time:
       3001358.00000
       3001307.00000
       3001337.00000
       3001293.00000
       3001339.00000
       3001337.00000
       3001324.00000
       3001328.00000
       3001329.00000
       3001320.00000
       3001337.00000
       3001350.00000
       3001320.00000
       3001326.00000
       3001324.00000
       3001317.00000
       3001305.00000
       3001315.00000
       3001324.00000
       3001324.00000
       3001310.00000
       3001331.00000
       3001328.00000
       3001328.00000
       3001317.00000
       3001315.00000
       3001331.00000
       3001330.00000
       3001313.00000
       3001296.00000
       3001325.00000
       3001324.00000
       3001329.00000
       3001298.00000
       3001287.00000
       3001319.00000
       3001298.00000
       3001331.00000
       3001311.00000
       3001297.00000
       3001333.00000
       3001324.00000
       3001333.00000
       3001332.00000
       3001311.00000
       3001314.00000
       3001305.00000
       3001322.00000
       3001313.00000
       3001301.00000
       3001309.00000
       3001310.00000
       3001308.00000
       3001323.00000
       3001289.00000
       3001339.00000
       3001337.00000
       3001298.00000
       3001356.00000
       3001320.00000
       3001313.00000
       3001338.00000
       3001324.00000
       3001326.00000
       3001304.00000
       3001287.00000
       3001348.00000
       3001289.00000
       3001291.00000
       3001343.00000
       3001296.00000
       3001322.00000
       3001323.00000
       3001309.00000
       3001315.00000
       3001332.00000
       3001319.00000
       3001310.00000
       3001323.00000
       3001330.00000
       3001316.00000
       3001324.00000
       3001297.00000
       3001339.00000
       3001317.00000
       3001324.00000
       3001313.00000
       3001339.00000
       3001308.00000
       3001340.00000
       3001323.00000
       3001350.00000
       3001303.00000
       3001327.00000
       3001300.00000
       3001348.00000
       3001322.00000
       3001294.00000
       3001330.00000
       3001314.00000
task 0 on core 1 executes 10000 times, exec_avg1:        3001320.00000
task 2 access time:
       5003043.00000
       5002943.00000
       5002962.00000
       5002934.00000
       5002987.00000
       5002986.00000
       5002982.00000
       5002931.00000
       5003011.00000
       5002964.00000
       5002995.00000
       5002980.00000
       5002955.00000
       5002971.00000
       5002987.00000
       5003007.00000
       5002949.00000
       5002997.00000
       5002981.00000
       5002997.00000
       5002943.00000
       5002964.00000
       5002946.00000
       5002983.00000
       5002968.00000
       5002948.00000
       5002990.00000
       5002975.00000
       5002990.00000
       5002942.00000
       5002949.00000
       5002983.00000
       5002969.00000
       5002955.00000
       5002951.00000
       5002948.00000
       5002949.00000
       5002980.00000
       5002970.00000
       5002922.00000
       5002998.00000
       5002964.00000
       5002996.00000
       5002975.00000
       5002960.00000
       5002962.00000
       5002949.00000
       5002982.00000
       5002944.00000
       5002948.00000
       5002955.00000
       5002958.00000
       5002945.00000
       5002980.00000
       5002945.00000
       5003029.00000
       5002988.00000
       5002926.00000
       5003030.00000
       5002985.00000
       5002971.00000
       5002994.00000
       5002979.00000
       5002980.00000
       5002923.00000
       5002924.00000
       5002993.00000
       5002955.00000
       5002936.00000
       5002978.00000
       5002951.00000
       5003000.00000
       5002963.00000
       5002987.00000
       5002969.00000
       5002973.00000
       5002951.00000
       5002975.00000
       5002944.00000
       5003000.00000
       5002987.00000
       5002967.00000
       5002942.00000
       5003006.00000
       5002994.00000
       5002984.00000
       5002989.00000
       5002982.00000
       5002981.00000
       5002990.00000
       5002944.00000
       5002982.00000
       5002959.00000
       5002966.00000
       5002952.00000
       5003030.00000
       5002975.00000
       5002941.00000
       5002993.00000
       5002963.00000
task 1 on core 2 executes 10000 times, exec_avg1:        5002971.00000
task 3 access time:
       7984022.00000
       7984009.00000
       7984024.00000
       7984021.00000
       7984055.00000
       7984036.00000
       7984026.00000
       7984050.00000
       7984026.00000
       7984041.00000
       7984025.00000
       7984033.00000
       7984023.00000
       7984025.00000
       7984041.00000
       7984025.00000
       7984035.00000
       7984048.00000
       7984035.00000
       7984021.00000
       7984009.00000
       7984027.00000
       7984055.00000
       7984015.00000
       7984019.00000
       7984034.00000
       7984030.00000
       7984045.00000
       7984033.00000
       7984047.00000
       7984009.00000
       7984029.00000
       7984039.00000
       7984053.00000
       7984036.00000
       7984045.00000
       7984032.00000
       7984035.00000
       7984042.00000
       7984013.00000
       7984052.00000
       7984036.00000
       7984017.00000
       7984056.00000
       7984031.00000
       7984038.00000
       7984024.00000
       7984033.00000
       7984037.00000
       7984033.00000
       7984050.00000
       7984038.00000
       7984046.00000
       7984037.00000
       7984022.00000
       7984036.00000
       7984041.00000
       7984011.00000
       7984026.00000
       7984042.00000
       7984023.00000
       7984036.00000
       7984050.00000
       7984035.00000
       7984040.00000
       7984046.00000
       7984034.00000
       7984036.00000
       7984038.00000
       7984026.00000
       7984042.00000
       7984040.00000
       7984013.00000
       7984034.00000
       7984016.00000
       7984018.00000
       7984032.00000
       7984026.00000
       7984022.00000
       7984028.00000
       7984034.00000
       7984034.00000
       7984052.00000
       7984034.00000
       7984023.00000
       7984033.00000
       7984044.00000
       7984036.00000
       7984041.00000
       7984037.00000
       7984026.00000
       7984032.00000
       7984033.00000
       7984051.00000
       7984016.00000
       7984035.00000
       7984035.00000
       7984018.00000
       7984022.00000
       7984021.00000
task 2 on core 1 executes 10000 times, exec_avg1:        7984033.00000
