task 1 access time:
       2994058.00000
       2994026.00000
       2994022.00000
       2994036.00000
       2994024.00000
       2994020.00000
       2994044.00000
       2994047.00000
       2994010.00000
       2994022.00000
       2994047.00000
       2994051.00000
       2994019.00000
       2994032.00000
       2994043.00000
       2994038.00000
       2994024.00000
       2994029.00000
       2994027.00000
       2994027.00000
       2994027.00000
       2994056.00000
       2994047.00000
       2994007.00000
       2994026.00000
       2994020.00000
       2994034.00000
       2994001.00000
       2994041.00000
       2994007.00000
       2994040.00000
       2994050.00000
       2994063.00000
       2994011.00000
       2994033.00000
       2994010.00000
       2994064.00000
       2994021.00000
       2994033.00000
       2994055.00000
       2994037.00000
       2994048.00000
       2994037.00000
       2994031.00000
       2994039.00000
       2994037.00000
       2994041.00000
       2994043.00000
       2994024.00000
       2994012.00000
       2994018.00000
       2994048.00000
       2994044.00000
       2994045.00000
       2994028.00000
       2994052.00000
       2994058.00000
       2994029.00000
       2994012.00000
       2994047.00000
       2994065.00000
       2994033.00000
       2994057.00000
       2994029.00000
       2994024.00000
       2993995.00000
       2994054.00000
       2994018.00000
       2994041.00000
       2994038.00000
       2994044.00000
       2994035.00000
       2994020.00000
       2994035.00000
       2994052.00000
       2994060.00000
       2994048.00000
       2994013.00000
       2994042.00000
       2994049.00000
       2994048.00000
       2994063.00000
       2994010.00000
       2994048.00000
       2994050.00000
       2994028.00000
       2994072.00000
       2994047.00000
       2994050.00000
       2994041.00000
       2994039.00000
       2994053.00000
       2994028.00000
       2994029.00000
       2994055.00000
       2994044.00000
       2994024.00000
       2994030.00000
       2994048.00000
       2994001.00000
task 0 on core 1 executes 10000 times, exec_avg1:        2994036.00000
task 2 access time:
       2994071.00000
       2994050.00000
       2994068.00000
       2994065.00000
       2994077.00000
       2994076.00000
       2994065.00000
       2994057.00000
       2994050.00000
       2994059.00000
       2994061.00000
       2994081.00000
       2994058.00000
       2994053.00000
       2994060.00000
       2994033.00000
       2994063.00000
       2994062.00000
       2994068.00000
       2994051.00000
       2994049.00000
       2994052.00000
       2994055.00000
       2994066.00000
       2994057.00000
       2994048.00000
       2994054.00000
       2994054.00000
       2994085.00000
       2994067.00000
       2994059.00000
       2994080.00000
       2994076.00000
       2994091.00000
       2994060.00000
       2994050.00000
       2994054.00000
       2994066.00000
       2994047.00000
       2994071.00000
       2994062.00000
       2994084.00000
       2994085.00000
       2994035.00000
       2994069.00000
       2994063.00000
       2994069.00000
       2994058.00000
       2994059.00000
       2994063.00000
       2994041.00000
       2994071.00000
       2994046.00000
       2994050.00000
       2994073.00000
       2994039.00000
       2994084.00000
       2994050.00000
       2994041.00000
       2994054.00000
       2994066.00000
       2994074.00000
       2994080.00000
       2994060.00000
       2994064.00000
       2994072.00000
       2994048.00000
       2994082.00000
       2994067.00000
       2994042.00000
       2994079.00000
       2994062.00000
       2994040.00000
       2994077.00000
       2994063.00000
       2994046.00000
       2994063.00000
       2994071.00000
       2994064.00000
       2994071.00000
       2994099.00000
       2994058.00000
       2994070.00000
       2994076.00000
       2994069.00000
       2994069.00000
       2994075.00000
       2994074.00000
       2994050.00000
       2994083.00000
       2994065.00000
       2994049.00000
       2994069.00000
       2994062.00000
       2994071.00000
       2994067.00000
       2994065.00000
       2994060.00000
       2994052.00000
       2994060.00000
task 1 on core 2 executes 10000 times, exec_avg1:        2994063.00000
