task 1 access time:
       2994116.00000
       2994106.00000
       2994026.00000
       2994137.00000
       2994047.00000
       2994087.00000
       2994055.00000
       2994048.00000
       2994023.00000
       2994067.00000
       2994011.00000
       2993996.00000
       2993999.00000
       2994009.00000
       2994026.00000
       2994001.00000
       2993993.00000
       2994005.00000
       2994026.00000
       2994037.00000
       2993990.00000
       2993996.00000
       2994025.00000
       2994017.00000
       2993992.00000
       2993991.00000
       2994031.00000
       2994002.00000
       2994033.00000
       2994020.00000
       2993996.00000
       2994011.00000
       2994003.00000
       2994004.00000
       2994016.00000
       2994001.00000
       2994000.00000
       2994001.00000
       2994027.00000
       2994006.00000
       2994002.00000
       2993992.00000
       2993983.00000
       2994008.00000
       2994118.00000
       2993990.00000
       2994016.00000
       2994025.00000
       2994025.00000
       2994001.00000
       2994024.00000
       2994012.00000
       2994014.00000
       2993992.00000
       2994010.00000
       2994000.00000
       2993991.00000
       2994007.00000
       2993998.00000
       2994019.00000
       2994017.00000
       2994013.00000
       2993996.00000
       2994002.00000
       2994034.00000
       2993987.00000
       2994011.00000
       2994015.00000
       2994008.00000
       2994035.00000
       2993993.00000
       2994014.00000
       2994043.00000
       2994005.00000
       2994029.00000
       2994049.00000
       2994043.00000
       2993992.00000
       2994014.00000
       2994008.00000
       2994018.00000
       2993997.00000
       2994027.00000
       2993990.00000
       2994021.00000
       2993991.00000
       2993992.00000
       2993990.00000
       2994004.00000
       2994003.00000
       2994013.00000
       2994004.00000
       2994012.00000
       2994011.00000
       2994017.00000
       2993987.00000
       2994039.00000
       2994016.00000
       2994000.00000
       2994031.00000
task 0 on core 1 executes 10000 times, exec_avg1:        2994017.00000
