task 1 access time:
      10979353.00000
      10979292.00000
      10979309.00000
      10979304.00000
      10979314.00000
      10979294.00000
      10979367.00000
      10979337.00000
      10979331.00000
      10979318.00000
      10979319.00000
      10979337.00000
      10979331.00000
      10979325.00000
      10979320.00000
      10979325.00000
      10979293.00000
      10979334.00000
      10979312.00000
      10979309.00000
      10979314.00000
      10979296.00000
      10979361.00000
      10979314.00000
      10979319.00000
      10979330.00000
      10979331.00000
      10979341.00000
      10979316.00000
      10979316.00000
      10979307.00000
      10979331.00000
      10979354.00000
      10979332.00000
      10979321.00000
      10979309.00000
      10979287.00000
      10979337.00000
      10979309.00000
      10979359.00000
      10979299.00000
      10979376.00000
      10979302.00000
      10979346.00000
      10979333.00000
      10979366.00000
      10979312.00000
      10979316.00000
      10979320.00000
      10979330.00000
      10979325.00000
      10979309.00000
      10979304.00000
      10979329.00000
      10979320.00000
      10979323.00000
      10979327.00000
      10979340.00000
      10979303.00000
      10979314.00000
      10979313.00000
      10979325.00000
      10979300.00000
      10979311.00000
      10979330.00000
      10979336.00000
      10979319.00000
      10979310.00000
      10979300.00000
      10979319.00000
      10979336.00000
      10979376.00000
      10979333.00000
      10979298.00000
      10979333.00000
      10979333.00000
      10979369.00000
      10979336.00000
      10979311.00000
      10979290.00000
      10979328.00000
      10979303.00000
      10979289.00000
      10979318.00000
      10979317.00000
      10979325.00000
      10979345.00000
      10979308.00000
      10979300.00000
      10979291.00000
      10979325.00000
      10979312.00000
      10979270.00000
      10979297.00000
      10979321.00000
      10979319.00000
      10979313.00000
      10979319.00000
      10979316.00000
      10979323.00000
task 0 on core 1 executes 10000 times, exec_avg1:       10979321.00000
task 2 access time:
       2994036.00000
       2994070.00000
       2994064.00000
       2994035.00000
       2994059.00000
       2994071.00000
       2994059.00000
       2994057.00000
       2994046.00000
       2994048.00000
       2994052.00000
       2994063.00000
       2994053.00000
       2994049.00000
       2994059.00000
       2994043.00000
       2994063.00000
       2994066.00000
       2994068.00000
       2994049.00000
       2994079.00000
       2994059.00000
       2994059.00000
       2994061.00000
       2994070.00000
       2994043.00000
       2994078.00000
       2994060.00000
       2994070.00000
       2994055.00000
       2994072.00000
       2994060.00000
       2994059.00000
       2994030.00000
       2994070.00000
       2994054.00000
       2994059.00000
       2994038.00000
       2994083.00000
       2994037.00000
       2994043.00000
       2994072.00000
       2994052.00000
       2994042.00000
       2994065.00000
       2994072.00000
       2994042.00000
       2994062.00000
       2994066.00000
       2994065.00000
       2994052.00000
       2994081.00000
       2994075.00000
       2994031.00000
       2994045.00000
       2994076.00000
       2994055.00000
       2994067.00000
       2994059.00000
       2994074.00000
       2994051.00000
       2994061.00000
       2994067.00000
       2994069.00000
       2994057.00000
       2994073.00000
       2994071.00000
       2994074.00000
       2994067.00000
       2994038.00000
       2994056.00000
       2994059.00000
       2994063.00000
       2994040.00000
       2994055.00000
       2994048.00000
       2994058.00000
       2994062.00000
       2994050.00000
       2994051.00000
       2994057.00000
       2994073.00000
       2994049.00000
       2994042.00000
       2994058.00000
       2994066.00000
       2994053.00000
       2994062.00000
       2994043.00000
       2994078.00000
       2994048.00000
       2994024.00000
       2994048.00000
       2994063.00000
       2994051.00000
       2994043.00000
       2994058.00000
       2994063.00000
       2994067.00000
       2994054.00000
task 1 on core 2 executes 10000 times, exec_avg1:        2994058.00000
task 3 access time:
       7984014.00000
       7983998.00000
       7984017.00000
       7984006.00000
       7984021.00000
       7984011.00000
       7984024.00000
       7984017.00000
       7984021.00000
       7984010.00000
       7984019.00000
       7984027.00000
       7984029.00000
       7984010.00000
       7984004.00000
       7983999.00000
       7984008.00000
       7984009.00000
       7984024.00000
       7984028.00000
       7983997.00000
       7984015.00000
       7984021.00000
       7984016.00000
       7984001.00000
       7984015.00000
       7984027.00000
       7984036.00000
       7984021.00000
       7984011.00000
       7984013.00000
       7984002.00000
       7984012.00000
       7984022.00000
       7984020.00000
       7983995.00000
       7984012.00000
       7984000.00000
       7984015.00000
       7984032.00000
       7984018.00000
       7984033.00000
       7984010.00000
       7984035.00000
       7984026.00000
       7984032.00000
       7984012.00000
       7984018.00000
       7984034.00000
       7984020.00000
       7984026.00000
       7984020.00000
       7984021.00000
       7984012.00000
       7984017.00000
       7984015.00000
       7984031.00000
       7984028.00000
       7984026.00000
       7984016.00000
       7984011.00000
       7984033.00000
       7984032.00000
       7984021.00000
       7984013.00000
       7984029.00000
       7984018.00000
       7984006.00000
       7984014.00000
       7984022.00000
       7984038.00000
       7984045.00000
       7984029.00000
       7984022.00000
       7984019.00000
       7984028.00000
       7984028.00000
       7984024.00000
       7984023.00000
       7984001.00000
       7984022.00000
       7984014.00000
       7983999.00000
       7984024.00000
       7984019.00000
       7984021.00000
       7984026.00000
       7984007.00000
       7984009.00000
       7984012.00000
       7984022.00000
       7984014.00000
       7984006.00000
       7984010.00000
       7984030.00000
       7984017.00000
       7984018.00000
       7984027.00000
       7984016.00000
       7984028.00000
task 2 on core 1 executes 10000 times, exec_avg1:        7984018.00000
