task 1 access time:
       2996377.00000
       2996343.00000
       2996322.00000
       2996318.00000
       2996337.00000
       2996358.00000
       2996341.00000
       2996312.00000
       2996337.00000
       2996324.00000
       2996331.00000
       2996321.00000
       2996356.00000
       2996377.00000
       2996352.00000
       2996365.00000
       2996312.00000
       2996335.00000
       2996289.00000
       2996266.00000
       2996307.00000
       2996324.00000
       2996338.00000
       2996352.00000
       2996341.00000
       2996310.00000
       2996337.00000
       2996376.00000
       2996365.00000
       2996346.00000
       2996343.00000
       2996330.00000
       2996303.00000
       2996348.00000
       2996351.00000
       2996294.00000
       2996303.00000
       2996335.00000
       2996373.00000
       2996330.00000
       2996344.00000
       2996299.00000
       2996325.00000
       2996316.00000
       2996373.00000
       2996360.00000
       2996318.00000
       2996368.00000
       2996381.00000
       2996332.00000
       2996303.00000
       2996367.00000
       2996379.00000
       2996328.00000
       2996311.00000
       2996337.00000
       2996332.00000
       2996333.00000
       2996323.00000
       2996364.00000
       2996313.00000
       2996328.00000
       2996366.00000
       2996326.00000
       2996301.00000
       2996314.00000
       2996374.00000
       2996372.00000
       2996364.00000
       2996354.00000
       2996339.00000
       2996353.00000
       2996347.00000
       2996338.00000
       2996325.00000
       2996319.00000
       2996372.00000
       2996364.00000
       2996362.00000
       2996372.00000
       2996355.00000
       2996345.00000
       2996371.00000
       2996375.00000
       2996329.00000
       2996308.00000
       2996339.00000
       2996351.00000
       2996300.00000
       2996366.00000
       2996358.00000
       2996344.00000
       2996359.00000
       2996405.00000
       2996348.00000
       2996344.00000
       2996278.00000
       2996349.00000
       2996327.00000
       2996352.00000
task 0 on core 1 executes 10000 times, exec_avg1:        2996340.00000
task 2 access time:
       2994085.00000
       2994066.00000
       2994091.00000
       2994093.00000
       2994062.00000
       2994080.00000
       2994067.00000
       2994090.00000
       2994087.00000
       2994082.00000
       2994086.00000
       2994094.00000
       2994070.00000
       2994087.00000
       2994093.00000
       2994084.00000
       2994082.00000
       2994085.00000
       2994066.00000
       2994092.00000
       2994104.00000
       2994073.00000
       2994091.00000
       2994089.00000
       2994066.00000
       2994088.00000
       2994080.00000
       2994083.00000
       2994093.00000
       2994092.00000
       2994089.00000
       2994090.00000
       2994079.00000
       2994098.00000
       2994088.00000
       2994076.00000
       2994082.00000
       2994072.00000
       2994092.00000
       2994088.00000
       2994083.00000
       2994079.00000
       2994103.00000
       2994090.00000
       2994069.00000
       2994082.00000
       2994086.00000
       2994092.00000
       2994091.00000
       2994077.00000
       2994117.00000
       2994065.00000
       2994078.00000
       2994072.00000
       2994094.00000
       2994091.00000
       2994061.00000
       2994096.00000
       2994092.00000
       2994080.00000
       2994068.00000
       2994076.00000
       2994087.00000
       2994064.00000
       2994065.00000
       2994097.00000
       2994086.00000
       2994074.00000
       2994078.00000
       2994086.00000
       2994091.00000
       2994078.00000
       2994099.00000
       2994075.00000
       2994097.00000
       2994084.00000
       2994074.00000
       2994074.00000
       2994078.00000
       2994079.00000
       2994073.00000
       2994083.00000
       2994087.00000
       2994066.00000
       2994098.00000
       2994066.00000
       2994075.00000
       2994068.00000
       2994107.00000
       2994092.00000
       2994096.00000
       2994081.00000
       2994067.00000
       2994086.00000
       2994074.00000
       2994092.00000
       2994067.00000
       2994092.00000
       2994077.00000
       2994086.00000
task 1 on core 2 executes 10000 times, exec_avg1:        2994083.00000
task 3 access time:
       2994076.00000
       2994064.00000
       2994036.00000
       2994065.00000
       2994074.00000
       2994049.00000
       2994048.00000
       2994052.00000
       2994056.00000
       2994060.00000
       2994037.00000
       2994032.00000
       2994058.00000
       2994069.00000
       2994039.00000
       2994061.00000
       2994063.00000
       2994050.00000
       2994049.00000
       2994056.00000
       2994052.00000
       2994048.00000
       2994047.00000
       2994044.00000
       2994074.00000
       2994059.00000
       2994047.00000
       2994055.00000
       2994038.00000
       2994042.00000
       2994063.00000
       2994054.00000
       2994048.00000
       2994059.00000
       2994048.00000
       2994054.00000
       2994041.00000
       2994049.00000
       2994050.00000
       2994053.00000
       2994030.00000
       2994057.00000
       2994051.00000
       2994075.00000
       2994054.00000
       2994059.00000
       2994068.00000
       2994048.00000
       2994044.00000
       2994047.00000
       2994036.00000
       2994053.00000
       2994074.00000
       2994061.00000
       2994051.00000
       2994033.00000
       2994065.00000
       2994097.00000
       2994066.00000
       2994057.00000
       2994053.00000
       2994016.00000
       2994029.00000
       2994036.00000
       2994055.00000
       2994047.00000
       2994069.00000
       2994065.00000
       2994071.00000
       2994057.00000
       2994066.00000
       2994061.00000
       2994053.00000
       2994053.00000
       2994054.00000
       2994040.00000
       2994043.00000
       2994051.00000
       2994041.00000
       2994061.00000
       2994063.00000
       2994066.00000
       2994047.00000
       2994036.00000
       2994038.00000
       2994078.00000
       2994068.00000
       2994056.00000
       2994067.00000
       2994040.00000
       2994019.00000
       2994047.00000
       2994038.00000
       2994060.00000
       2994036.00000
       2994043.00000
       2994060.00000
       2994061.00000
       2994035.00000
       2994032.00000
task 2 on core 3 executes 10000 times, exec_avg1:        2994053.00000
task 4 access time:
       7984032.00000
       7984030.00000
       7984024.00000
       7984043.00000
       7984021.00000
       7984034.00000
       7984042.00000
       7984014.00000
       7984035.00000
       7984028.00000
       7984037.00000
       7984033.00000
       7984029.00000
       7984040.00000
       7984028.00000
       7984028.00000
       7984036.00000
       7984031.00000
       7984036.00000
       7984038.00000
       7984031.00000
       7984051.00000
       7984031.00000
       7984021.00000
       7984042.00000
       7984010.00000
       7984022.00000
       7984036.00000
       7984027.00000
       7984024.00000
       7984052.00000
       7984033.00000
       7984026.00000
       7984032.00000
       7984018.00000
       7984026.00000
       7984037.00000
       7984031.00000
       7984031.00000
       7984027.00000
       7984025.00000
       7984037.00000
       7984022.00000
       7984035.00000
       7984033.00000
       7984029.00000
       7984019.00000
       7984006.00000
       7984048.00000
       7984030.00000
       7984024.00000
       7984036.00000
       7984017.00000
       7984028.00000
       7984028.00000
       7984051.00000
       7984026.00000
       7984030.00000
       7984044.00000
       7984036.00000
       7984036.00000
       7984035.00000
       7984010.00000
       7984017.00000
       7984031.00000
       7984027.00000
       7984025.00000
       7984032.00000
       7984026.00000
       7984045.00000
       7984027.00000
       7984024.00000
       7984046.00000
       7984005.00000
       7984027.00000
       7984025.00000
       7984041.00000
       7984055.00000
       7984027.00000
       7984030.00000
       7984054.00000
       7984051.00000
       7984038.00000
       7984022.00000
       7984034.00000
       7984036.00000
       7984051.00000
       7984024.00000
       7984030.00000
       7984027.00000
       7984047.00000
       7984037.00000
       7984024.00000
       7984042.00000
       7984020.00000
       7984031.00000
       7984019.00000
       7984023.00000
       7984027.00000
       7984030.00000
task 3 on core 1 executes 10000 times, exec_avg1:        7984031.00000
