task 1 access time:
       3008856.00000
       3008879.00000
       3008863.00000
       3008881.00000
       3008875.00000
       3008869.00000
       3008894.00000
       3008884.00000
       3008943.00000
       3008846.00000
       3008817.00000
       3008826.00000
       3008844.00000
       3008879.00000
       3008830.00000
       3008834.00000
       3008870.00000
       3008820.00000
       3008864.00000
       3008858.00000
       3008828.00000
       3008816.00000
       3008830.00000
       3008862.00000
       3008861.00000
       3008821.00000
       3008872.00000
       3008808.00000
       3008845.00000
       3008835.00000
       3008815.00000
       3008855.00000
       3008850.00000
       3008836.00000
       3008851.00000
       3008845.00000
       3008860.00000
       3008837.00000
       3008835.00000
       3008896.00000
       3009938.00000
       3012380.00000
       3012546.00000
       3011716.00000
       3010962.00000
       3012729.00000
       3012465.00000
       3009033.00000
       3008945.00000
       3012206.00000
       3010714.00000
       3009021.00000
       3011481.00000
       3012499.00000
       3012623.00000
       3012093.00000
       3012327.00000
       3013655.00000
       3011561.00000
       3012759.00000
       3011676.00000
       3009659.00000
       3012051.00000
       3009398.00000
       3009375.00000
       3013051.00000
       3011935.00000
       3009441.00000
       3009434.00000
       3009441.00000
       3009511.00000
       3009443.00000
       3009430.00000
       3009467.00000
       3009370.00000
       3009570.00000
       3009548.00000
       3009347.00000
       3009506.00000
       3009436.00000
       3009455.00000
       3009471.00000
       3009500.00000
       3009388.00000
       3009561.00000
       3009503.00000
       3009417.00000
       3009506.00000
       3009492.00000
       3009390.00000
       3009552.00000
       3009551.00000
       3009316.00000
       3009464.00000
       3009480.00000
       3009425.00000
       3009457.00000
       3009527.00000
       3009424.00000
       3009524.00000
task 0 on core 1 executes 10000 times, exec_avg1:        3009752.00000
task 2 access time:
       2994054.00000
       2994055.00000
       2994044.00000
       2994051.00000
       2994059.00000
       2994059.00000
       2994058.00000
       2994065.00000
       2994062.00000
       2994067.00000
       2994075.00000
       2994051.00000
       2994053.00000
       2994055.00000
       2994051.00000
       2994059.00000
       2994069.00000
       2994032.00000
       2994071.00000
       2994043.00000
       2994071.00000
       2994064.00000
       2994048.00000
       2994060.00000
       2994055.00000
       2994048.00000
       2994055.00000
       2994051.00000
       2994041.00000
       2994061.00000
       2994048.00000
       2994055.00000
       2994059.00000
       2994055.00000
       2994061.00000
       2994065.00000
       2994070.00000
       2994053.00000
       2994066.00000
       2994058.00000
       2994075.00000
       2994105.00000
       2994069.00000
       2994097.00000
       2994083.00000
       2994184.00000
       2994098.00000
       2994101.00000
       2994069.00000
       2994108.00000
       2994208.00000
       2994087.00000
       2994113.00000
       2994074.00000
       2994120.00000
       2994091.00000
       2994171.00000
       2994164.00000
       2994071.00000
       2994089.00000
       2994202.00000
       2994079.00000
       2994094.00000
       2994052.00000
       2994057.00000
       2994141.00000
       2994129.00000
       2994059.00000
       2994069.00000
       2994057.00000
       2994063.00000
       2994076.00000
       2994073.00000
       2994086.00000
       2994075.00000
       2994065.00000
       2994058.00000
       2994082.00000
       2994084.00000
       2994082.00000
       2994079.00000
       2994072.00000
       2994076.00000
       2994065.00000
       2994048.00000
       2994065.00000
       2994079.00000
       2994078.00000
       2994069.00000
       2994063.00000
       2994077.00000
       2994080.00000
       2994085.00000
       2994057.00000
       2994044.00000
       2994052.00000
       2994076.00000
       2994069.00000
       2994064.00000
       2994059.00000
task 1 on core 2 executes 10000 times, exec_avg1:        2994075.00000
task 3 access time:
       7984042.00000
       7984013.00000
       7984022.00000
       7984019.00000
       7984022.00000
       7984031.00000
       7984035.00000
       7984032.00000
       7984024.00000
       7984023.00000
       7984023.00000
       7984050.00000
       7984039.00000
       7984011.00000
       7984024.00000
       7984043.00000
       7984054.00000
       7984046.00000
       7984040.00000
       7984045.00000
       7984036.00000
       7984027.00000
       7984046.00000
       7984015.00000
       7984031.00000
       7984036.00000
       7984035.00000
       7984023.00000
       7984032.00000
       7984031.00000
       7984019.00000
       7984036.00000
       7984044.00000
       7984041.00000
       7984027.00000
       7984058.00000
       7984042.00000
       7984044.00000
       7984029.00000
       7984025.00000
       7984109.00000
       7984271.00000
       7984410.00000
       7984290.00000
       7984306.00000
       7984346.00000
       7984369.00000
       7984077.00000
       7984054.00000
       7984279.00000
       7984246.00000
       7984054.00000
       7984265.00000
       7984343.00000
       7984252.00000
       7984203.00000
       7984322.00000
       7984489.00000
       7984370.00000
       7984472.00000
       7984355.00000
       7984106.00000
       7984318.00000
       7984080.00000
       7984059.00000
       7984401.00000
       7984307.00000
       7984142.00000
       7984174.00000
       7984134.00000
       7984160.00000
       7984140.00000
       7984182.00000
       7984120.00000
       7984131.00000
       7984146.00000
       7984146.00000
       7984132.00000
       7984171.00000
       7984168.00000
       7984144.00000
       7984145.00000
       7984168.00000
       7984156.00000
       7984154.00000
       7984156.00000
       7984160.00000
       7984138.00000
       7984173.00000
       7984146.00000
       7984201.00000
       7984159.00000
       7984126.00000
       7984133.00000
       7984132.00000
       7984121.00000
       7984116.00000
       7984148.00000
       7984153.00000
       7984142.00000
task 2 on core 1 executes 10000 times, exec_avg1:        7984134.00000
