task 1 access time:
           146.00000
           143.00000
           140.00000
           141.00000
           140.00000
           141.00000
           140.00000
           141.00000
           140.00000
           141.00000
           141.00000
           147.00000
           140.00000
           140.00000
           141.00000
           141.00000
           141.00000
           141.00000
           144.00000
           142.00000
           142.00000
           142.00000
           142.00000
           142.00000
           141.00000
           140.00000
           141.00000
           140.00000
           141.00000
           141.00000
           140.00000
           141.00000
           141.00000
           140.00000
           140.00000
           141.00000
           141.00000
           141.00000
           140.00000
           140.00000
           141.00000
           141.00000
           147.00000
           142.00000
           142.00000
           145.00000
           141.00000
           140.00000
           141.00000
           140.00000
           141.00000
           141.00000
           141.00000
           141.00000
           142.00000
           142.00000
           141.00000
           142.00000
           142.00000
           141.00000
           143.00000
           141.00000
           141.00000
           141.00000
           141.00000
           142.00000
           143.00000
           141.00000
           141.00000
           142.00000
           140.00000
           142.00000
           142.00000
           142.00000
           142.00000
           142.00000
           142.00000
           140.00000
           141.00000
           142.00000
           141.00000
           141.00000
           142.00000
           141.00000
           142.00000
           142.00000
           141.00000
           141.00000
           141.00000
           143.00000
           153.00000
           142.00000
           142.00000
           143.00000
           142.00000
           141.00000
           142.00000
           146.00000
           142.00000
           143.00000
task 0 on core 1 executes 10000 times, exec_avg1:            142.00000
task 2 access time:
       2003915.00000
       2003870.00000
       2003856.00000
       2003841.00000
       2003826.00000
       2003914.00000
       2003850.00000
       2003861.00000
       2003813.00000
       2003897.00000
       2003964.00000
       2003865.00000
       2003834.00000
       2003907.00000
       2003842.00000
       2003918.00000
       2003880.00000
       2003926.00000
       2003934.00000
       2003778.00000
       2003845.00000
       2003907.00000
       2003872.00000
       2003851.00000
       2003869.00000
       2003899.00000
       2003951.00000
       2003803.00000
       2003884.00000
       2003928.00000
       2003846.00000
       2003815.00000
       2003889.00000
       2003943.00000
       2003821.00000
       2003894.00000
       2003809.00000
       2003893.00000
       2003833.00000
       2003785.00000
       2003807.00000
       2003817.00000
       2003828.00000
       2003878.00000
       2003891.00000
       2003867.00000
       2003882.00000
       2003898.00000
       2003897.00000
       2003912.00000
       2003816.00000
       2003872.00000
       2003859.00000
       2003889.00000
       2003926.00000
       2003891.00000
       2003866.00000
       2003914.00000
       2003857.00000
       2003868.00000
       2003951.00000
       2003859.00000
       2003891.00000
       2003889.00000
       2003902.00000
       2003880.00000
       2003900.00000
       2003883.00000
       2003846.00000
       2003824.00000
       2003874.00000
       2003907.00000
       2003873.00000
       2003929.00000
       2003842.00000
       2003852.00000
       2003899.00000
       2003840.00000
       2003875.00000
       2003884.00000
       2003888.00000
       2003861.00000
       2003920.00000
       2003855.00000
       2003864.00000
       2003784.00000
       2003922.00000
       2003901.00000
       2003890.00000
       2003888.00000
       2003784.00000
       2003845.00000
       2003906.00000
       2003865.00000
       2003874.00000
       2003871.00000
       2003910.00000
       2003905.00000
       2003864.00000
       2003904.00000
task 1 on core 2 executes 10000 times, exec_avg1:        2003874.00000
task 3 access time:
       4000442.00000
       4000354.00000
       4000362.00000
       4000409.00000
       4000380.00000
       4000386.00000
       4000386.00000
       4000328.00000
       4000325.00000
       4000386.00000
       4000516.00000
       4000411.00000
       4000397.00000
       4000445.00000
       4000423.00000
       4000430.00000
       4000417.00000
       4000424.00000
       4000432.00000
       4000345.00000
       4000363.00000
       4000413.00000
       4000401.00000
       4000411.00000
       4000391.00000
       4000415.00000
       4000463.00000
       4000336.00000
       4000390.00000
       4000428.00000
       4000365.00000
       4000379.00000
       4000380.00000
       4000385.00000
       4000394.00000
       4000406.00000
       4000367.00000
       4000423.00000
       4000371.00000
       4000386.00000
       4000331.00000
       4000371.00000
       4000401.00000
       4000389.00000
       4000424.00000
       4000453.00000
       4000371.00000
       4000397.00000
       4000381.00000
       4000424.00000
       4000327.00000
       4000386.00000
       4000430.00000
       4000393.00000
       4000435.00000
       4000439.00000
       4000360.00000
       4000457.00000
       4000346.00000
       4000418.00000
       4000441.00000
       4000376.00000
       4000416.00000
       4000430.00000
       4000464.00000
       4000423.00000
       4000427.00000
       4000376.00000
       4000386.00000
       4000347.00000
       4000379.00000
       4000402.00000
       4000384.00000
       4000450.00000
       4000381.00000
       4000355.00000
       4000431.00000
       4000365.00000
       4000429.00000
       4000416.00000
       4000373.00000
       4000424.00000
       4000458.00000
       4000398.00000
       4000366.00000
       4000365.00000
       4000432.00000
       4000396.00000
       4000394.00000
       4000408.00000
       4000351.00000
       4000329.00000
       4000439.00000
       4000415.00000
       4000393.00000
       4000447.00000
       4000419.00000
       4000403.00000
       4000410.00000
       4000467.00000
task 2 on core 3 executes 10000 times, exec_avg1:        4000400.00000
task 4 access time:
       7984041.00000
       7984018.00000
       7984031.00000
       7984036.00000
       7984038.00000
       7984044.00000
       7984011.00000
       7984028.00000
       7984016.00000
       7984031.00000
       7984029.00000
       7984020.00000
       7984023.00000
       7984051.00000
       7984054.00000
       7984034.00000
       7984028.00000
       7984011.00000
       7984044.00000
       7984031.00000
       7984032.00000
       7984031.00000
       7984042.00000
       7984028.00000
       7984042.00000
       7984028.00000
       7984032.00000
       7984028.00000
       7984029.00000
       7984036.00000
       7984030.00000
       7984046.00000
       7984014.00000
       7984016.00000
       7984044.00000
       7984034.00000
       7984022.00000
       7984035.00000
       7984032.00000
       7984017.00000
       7984020.00000
       7984032.00000
       7984036.00000
       7984029.00000
       7984026.00000
       7984034.00000
       7984014.00000
       7984013.00000
       7984033.00000
       7984038.00000
       7984029.00000
       7984021.00000
       7984041.00000
       7984006.00000
       7984018.00000
       7984030.00000
       7984025.00000
       7984027.00000
       7984015.00000
       7984031.00000
       7984021.00000
       7984029.00000
       7984028.00000
       7984030.00000
       7984038.00000
       7984035.00000
       7984024.00000
       7984024.00000
       7984022.00000
       7984018.00000
       7984020.00000
       7984041.00000
       7983988.00000
       7984032.00000
       7984043.00000
       7984030.00000
       7984026.00000
       7984016.00000
       7984036.00000
       7984036.00000
       7984011.00000
       7984027.00000
       7984034.00000
       7984035.00000
       7984029.00000
       7984036.00000
       7984026.00000
       7984017.00000
       7984019.00000
       7984028.00000
       7984031.00000
       7984026.00000
       7984034.00000
       7984029.00000
       7984037.00000
       7984033.00000
       7984013.00000
       7984024.00000
       7984033.00000
       7984024.00000
task 3 on core 1 executes 10000 times, exec_avg1:        7984028.00000
task 5 access time:
            29.00000
            29.00000
            29.00000
            29.00000
            29.00000
            29.00000
            29.00000
            30.00000
            29.00000
            30.00000
            29.00000
            29.00000
            29.00000
            29.00000
            30.00000
            29.00000
            29.00000
            29.00000
            29.00000
            29.00000
            30.00000
            29.00000
            29.00000
            29.00000
            29.00000
            29.00000
            29.00000
            29.00000
            29.00000
            29.00000
            29.00000
            30.00000
            29.00000
            29.00000
            29.00000
            29.00000
            30.00000
            29.00000
            29.00000
            29.00000
            29.00000
            29.00000
            29.00000
            29.00000
            29.00000
            29.00000
            29.00000
            30.00000
            29.00000
            29.00000
            29.00000
            29.00000
            29.00000
            29.00000
            29.00000
            29.00000
            29.00000
            29.00000
            30.00000
            29.00000
            29.00000
            29.00000
            29.00000
            30.00000
            29.00000
            29.00000
            29.00000
            29.00000
            29.00000
            30.00000
            29.00000
            29.00000
            29.00000
            29.00000
            30.00000
            29.00000
            29.00000
            29.00000
            29.00000
            29.00000
            30.00000
            29.00000
            29.00000
            29.00000
            29.00000
            29.00000
            29.00000
            29.00000
            29.00000
            29.00000
            29.00000
            29.00000
            29.00000
            29.00000
            29.00000
            29.00000
            30.00000
            29.00000
            29.00000
            29.00000
task 4 on core 2 executes 10000 times, exec_avg1:             29.00000
