task 1 access time:
           143.00000
           145.00000
           142.00000
           145.00000
           145.00000
           147.00000
           142.00000
           144.00000
           148.00000
           143.00000
           146.00000
           143.00000
           138.00000
           158.00000
           144.00000
           139.00000
           149.00000
           148.00000
           144.00000
           143.00000
           147.00000
           148.00000
           143.00000
           147.00000
           140.00000
           143.00000
           151.00000
           138.00000
           144.00000
           148.00000
           139.00000
           144.00000
           144.00000
           141.00000
           146.00000
           146.00000
           146.00000
           148.00000
           144.00000
           143.00000
           148.00000
           146.00000
           142.00000
           144.00000
           146.00000
           146.00000
           147.00000
           144.00000
           144.00000
           144.00000
           151.00000
           141.00000
           148.00000
           141.00000
           142.00000
           147.00000
           138.00000
           147.00000
           149.00000
           153.00000
           138.00000
           146.00000
           142.00000
           140.00000
           148.00000
           146.00000
           142.00000
           146.00000
           145.00000
           141.00000
           144.00000
           156.00000
           148.00000
           146.00000
           151.00000
           144.00000
           146.00000
           144.00000
           147.00000
           145.00000
           145.00000
           140.00000
           159.00000
           143.00000
           142.00000
           143.00000
           144.00000
           141.00000
           146.00000
           148.00000
           144.00000
           146.00000
           139.00000
           143.00000
           142.00000
           146.00000
           146.00000
           144.00000
           143.00000
           147.00000
task 0 on core 1 executes 10000 times, exec_avg1:            145.00000
task 2 access time:
      11029647.00000
      11089583.00000
      11149321.00000
      11239188.00000
      11359057.00000
      11149351.00000
      11388858.00000
      11029664.00000
      11059572.00000
      10790070.00000
      11209329.00000
      11358899.00000
      11478740.00000
      11209531.00000
      11119407.00000
      11119424.00000
      11029663.00000
      11119446.00000
      11299075.00000
      11179307.00000
      11239217.00000
      11329042.00000
      11328994.00000
      11179359.00000
      11269164.00000
      11179293.00000
      11359036.00000
      11029653.00000
      11358943.00000
      10999644.00000
      11149385.00000
      11359058.00000
      11179286.00000
      11179336.00000
      11329021.00000
      11209259.00000
      10940035.00000
      11179254.00000
      11299113.00000
      11059612.00000
      11059564.00000
      11358977.00000
      11239213.00000
      10969680.00000
      10939781.00000
      11239215.00000
      11239191.00000
      11478762.00000
      11059524.00000
      11179349.00000
      11209320.00000
      11209306.00000
      10939723.00000
      11179334.00000
      11239208.00000
      11149406.00000
      11209236.00000
      11329106.00000
      11448795.00000
      11269324.00000
      11089553.00000
      11119475.00000
      11089434.00000
      11359005.00000
      10939843.00000
      11239139.00000
      10999705.00000
      10969780.00000
      11119405.00000
      11089478.00000
      11269135.00000
      11299324.00000
      11329059.00000
      10969670.00000
      11119458.00000
      11359006.00000
      11209222.00000
      11478859.00000
      11089527.00000
      11029546.00000
      11179273.00000
      11329009.00000
      11119644.00000
      11299076.00000
      11149367.00000
      11209232.00000
      10999671.00000
      11059524.00000
      11059513.00000
      11119466.00000
      11089540.00000
      11269155.00000
      11508697.00000
      11149413.00000
      11119416.00000
      11089452.00000
      11448893.00000
      11269148.00000
      11269096.00000
      11149364.00000
task 1 on core 2 executes 10000 times, exec_avg1:       11185624.00000
task 3 access time:
      11927905.00000
      11868035.00000
      11808025.00000
      11718232.00000
      11598591.00000
      11808076.00000
      11568529.00000
      11927927.00000
      11897928.00000
      12167431.00000
      11748343.00000
      11598410.00000
      11478744.00000
      11748459.00000
      11838018.00000
      11838058.00000
      11927980.00000
      11838059.00000
      11658373.00000
      11778137.00000
      11718277.00000
      11628440.00000
      11628391.00000
      11778191.00000
      11688358.00000
      11778145.00000
      11598573.00000
      11927906.00000
      11598478.00000
      11957812.00000
      11808111.00000
      11598554.00000
      11778158.00000
      11778152.00000
      11628421.00000
      11748203.00000
      12017954.00000
      11778084.00000
      11658414.00000
      11898013.00000
      11897944.00000
      11598508.00000
      11718263.00000
      11987762.00000
      12017731.00000
      11718299.00000
      11718256.00000
      11478722.00000
      11897905.00000
      11778165.00000
      11748252.00000
      11748250.00000
      12017642.00000
      11778176.00000
      11718317.00000
      11808143.00000
      11748197.00000
      11628544.00000
      11508670.00000
      11688499.00000
      11868030.00000
      11838081.00000
      11867965.00000
      11598546.00000
      12017775.00000
      11718206.00000
      11957865.00000
      11987849.00000
      11838037.00000
      11867989.00000
      11688308.00000
      11658663.00000
      11628461.00000
      11987702.00000
      11838072.00000
      11598514.00000
      11748204.00000
      11478801.00000
      11868071.00000
      11927811.00000
      11778129.00000
      11628401.00000
      11838254.00000
      11658373.00000
      11808071.00000
      11748175.00000
      11957796.00000
      11897907.00000
      11897895.00000
      11838095.00000
      11868002.00000
      11688329.00000
      11448718.00000
      11808129.00000
      11838044.00000
      11867963.00000
      11508724.00000
      11688322.00000
      11688259.00000
      11808108.00000
task 2 on core 3 executes 10000 times, exec_avg1:       11771888.00000
task 4 access time:
       7984039.00000
       7984031.00000
       7984017.00000
       7984041.00000
       7984039.00000
       7984030.00000
       7984029.00000
       7984045.00000
       7984038.00000
       7984044.00000
       7984035.00000
       7984012.00000
       7984036.00000
       7984040.00000
       7984041.00000
       7984039.00000
       7984046.00000
       7984035.00000
       7984018.00000
       7984031.00000
       7984029.00000
       7984036.00000
       7984043.00000
       7984026.00000
       7984032.00000
       7984031.00000
       7984044.00000
       7984030.00000
       7984032.00000
       7984037.00000
       7984046.00000
       7984038.00000
       7984040.00000
       7984034.00000
       7984026.00000
       7984019.00000
       7984035.00000
       7984015.00000
       7984015.00000
       7984032.00000
       7984039.00000
       7984026.00000
       7984025.00000
       7984042.00000
       7984032.00000
       7984035.00000
       7984037.00000
       7984018.00000
       7984032.00000
       7984041.00000
       7984012.00000
       7984006.00000
       7984031.00000
       7984023.00000
       7984034.00000
       7984043.00000
       7984027.00000
       7984029.00000
       7984045.00000
       7984051.00000
       7984030.00000
       7984030.00000
       7984045.00000
       7984022.00000
       7984050.00000
       7984028.00000
       7984049.00000
       7984049.00000
       7984023.00000
       7984039.00000
       7984029.00000
       7984035.00000
       7984020.00000
       7984030.00000
       7984028.00000
       7984041.00000
       7984040.00000
       7984037.00000
       7984030.00000
       7984023.00000
       7984033.00000
       7984029.00000
       7984042.00000
       7984030.00000
       7984027.00000
       7984029.00000
       7984041.00000
       7984036.00000
       7984024.00000
       7984021.00000
       7984016.00000
       7984034.00000
       7984023.00000
       7984048.00000
       7984035.00000
       7984037.00000
       7984051.00000
       7984033.00000
       7984027.00000
       7984018.00000
task 3 on core 1 executes 10000 times, exec_avg1:        7984033.00000
