task 1 access time:
           144.00000
           141.00000
           141.00000
           143.00000
           142.00000
           143.00000
           142.00000
           141.00000
           140.00000
           141.00000
           142.00000
           141.00000
           143.00000
           141.00000
           141.00000
           141.00000
           141.00000
           141.00000
           142.00000
           141.00000
           141.00000
           142.00000
           142.00000
           140.00000
           142.00000
           141.00000
           141.00000
           142.00000
           141.00000
           141.00000
           140.00000
           141.00000
           141.00000
           140.00000
           142.00000
           142.00000
           141.00000
           141.00000
           141.00000
           141.00000
           140.00000
           141.00000
           140.00000
           141.00000
           142.00000
           141.00000
           141.00000
           140.00000
           142.00000
           141.00000
           142.00000
           141.00000
           142.00000
           141.00000
           140.00000
           141.00000
           141.00000
           141.00000
           141.00000
           142.00000
           141.00000
           142.00000
           141.00000
           142.00000
           141.00000
           141.00000
           141.00000
           141.00000
           142.00000
           143.00000
           142.00000
           142.00000
           141.00000
           142.00000
           142.00000
           143.00000
           142.00000
           141.00000
           142.00000
           142.00000
           141.00000
           141.00000
           141.00000
           142.00000
           142.00000
           143.00000
           142.00000
           142.00000
           141.00000
           142.00000
           141.00000
           142.00000
           142.00000
           142.00000
           142.00000
           141.00000
           141.00000
           150.00000
           142.00000
           142.00000
task 0 on core 1 executes 10000 times, exec_avg1:            142.00000
task 2 access time:
       9986899.00000
       9986831.00000
       9986856.00000
       9986893.00000
       9986850.00000
       9986886.00000
       9986827.00000
       9986887.00000
       9986835.00000
       9986847.00000
       9986912.00000
       9986910.00000
       9986866.00000
       9986828.00000
       9986848.00000
       9986875.00000
       9986894.00000
       9986846.00000
       9986897.00000
       9986862.00000
       9986843.00000
       9986875.00000
       9986904.00000
       9986912.00000
       9986847.00000
       9986855.00000
       9986844.00000
       9986845.00000
       9986830.00000
       9986819.00000
       9986853.00000
       9986871.00000
       9986857.00000
       9986834.00000
       9986928.00000
       9986877.00000
       9986842.00000
       9986877.00000
       9986887.00000
       9986902.00000
       9986865.00000
       9986855.00000
       9986860.00000
       9986814.00000
       9986875.00000
       9986877.00000
       9986880.00000
       9986840.00000
       9986825.00000
       9986832.00000
       9986900.00000
       9986847.00000
       9986846.00000
       9986843.00000
       9986869.00000
       9986789.00000
       9986854.00000
       9986866.00000
       9986810.00000
       9986815.00000
       9986882.00000
       9986824.00000
       9986823.00000
       9986874.00000
       9986860.00000
       9986840.00000
       9986831.00000
       9986860.00000
       9986873.00000
       9986892.00000
       9986815.00000
       9986855.00000
       9986805.00000
       9986860.00000
       9986856.00000
       9986835.00000
       9986832.00000
       9986871.00000
       9986836.00000
       9986839.00000
       9986867.00000
       9986865.00000
       9986855.00000
       9986846.00000
       9986862.00000
       9986799.00000
       9986819.00000
       9986840.00000
       9986787.00000
       9986808.00000
       9986769.00000
       9986873.00000
       9986786.00000
       9986824.00000
       9986814.00000
       9986837.00000
       9986870.00000
       9986928.00000
       9986812.00000
       9986875.00000
task 1 on core 2 executes 10000 times, exec_avg1:        9986853.00000
task 3 access time:
       7984006.00000
       7983993.00000
       7984006.00000
       7984016.00000
       7984015.00000
       7984025.00000
       7984024.00000
       7984019.00000
       7984011.00000
       7984015.00000
       7984028.00000
       7984033.00000
       7984017.00000
       7984000.00000
       7984021.00000
       7984031.00000
       7984000.00000
       7984017.00000
       7984033.00000
       7984019.00000
       7984018.00000
       7984018.00000
       7984053.00000
       7984011.00000
       7984014.00000
       7984010.00000
       7984010.00000
       7984019.00000
       7984011.00000
       7984005.00000
       7984010.00000
       7984007.00000
       7984020.00000
       7984014.00000
       7984021.00000
       7984008.00000
       7984011.00000
       7984021.00000
       7984024.00000
       7984026.00000
       7984026.00000
       7984025.00000
       7984030.00000
       7984002.00000
       7984033.00000
       7984009.00000
       7984025.00000
       7984026.00000
       7984035.00000
       7984023.00000
       7984028.00000
       7984033.00000
       7984020.00000
       7984007.00000
       7984028.00000
       7983994.00000
       7984011.00000
       7984030.00000
       7984019.00000
       7984021.00000
       7984035.00000
       7984016.00000
       7984012.00000
       7984017.00000
       7984029.00000
       7984021.00000
       7984011.00000
       7984020.00000
       7984047.00000
       7984016.00000
       7984002.00000
       7984023.00000
       7984023.00000
       7984006.00000
       7984030.00000
       7984018.00000
       7984024.00000
       7984041.00000
       7984028.00000
       7984013.00000
       7984021.00000
       7984016.00000
       7984025.00000
       7984019.00000
       7984011.00000
       7984008.00000
       7983996.00000
       7984028.00000
       7983996.00000
       7984000.00000
       7984009.00000
       7984021.00000
       7984012.00000
       7984037.00000
       7984010.00000
       7984009.00000
       7984039.00000
       7984038.00000
       7984011.00000
       7984024.00000
task 2 on core 1 executes 10000 times, exec_avg1:        7984018.00000
