task 1 access time:
           152.00000
           217.00000
           186.00000
           224.00000
           236.00000
           209.00000
           261.00000
           382.00000
           251.00000
           169.00000
           127.00000
           127.00000
           127.00000
           126.00000
           126.00000
           126.00000
           126.00000
           126.00000
           126.00000
           125.00000
           126.00000
           126.00000
           125.00000
           125.00000
           126.00000
           126.00000
           126.00000
           125.00000
           126.00000
           126.00000
           126.00000
           126.00000
           125.00000
           125.00000
           125.00000
           126.00000
           127.00000
           126.00000
           126.00000
           126.00000
           285.00000
           127.00000
           127.00000
           127.00000
           127.00000
           127.00000
           127.00000
           127.00000
           130.00000
           126.00000
           126.00000
           126.00000
           126.00000
           126.00000
           126.00000
           126.00000
           125.00000
           126.00000
           126.00000
           126.00000
           126.00000
           126.00000
           125.00000
           126.00000
           125.00000
           125.00000
           129.00000
           125.00000
           125.00000
           125.00000
           126.00000
           125.00000
           125.00000
           125.00000
           125.00000
           126.00000
           127.00000
           127.00000
           126.00000
           126.00000
           126.00000
           126.00000
           125.00000
           125.00000
           126.00000
           126.00000
           127.00000
           126.00000
           126.00000
           126.00000
           126.00000
           130.00000
           126.00000
           126.00000
           126.00000
           125.00000
           124.00000
           124.00000
           125.00000
           126.00000
task 0 on core 1 executes 10000 times, exec_avg1:            138.00000
