task 1 access time:
           142.00000
           137.00000
           194.00000
           138.00000
           137.00000
           137.00000
           136.00000
           137.00000
           138.00000
           137.00000
           138.00000
           137.00000
           137.00000
           137.00000
           138.00000
           138.00000
           137.00000
           137.00000
           137.00000
           137.00000
           137.00000
           137.00000
           137.00000
           137.00000
           136.00000
           137.00000
           137.00000
           137.00000
           137.00000
           137.00000
           137.00000
           137.00000
           138.00000
           137.00000
           137.00000
           140.00000
           137.00000
           138.00000
           138.00000
           137.00000
           138.00000
           139.00000
           140.00000
           140.00000
           139.00000
           138.00000
           137.00000
           137.00000
           137.00000
           138.00000
           137.00000
           137.00000
           137.00000
           138.00000
           137.00000
           138.00000
           138.00000
           138.00000
           139.00000
           137.00000
           137.00000
           136.00000
           137.00000
           138.00000
           137.00000
           138.00000
           138.00000
           137.00000
           138.00000
           138.00000
           137.00000
           141.00000
           140.00000
           137.00000
           138.00000
           137.00000
           138.00000
           139.00000
           137.00000
           138.00000
           138.00000
           138.00000
           138.00000
           138.00000
           138.00000
           138.00000
           137.00000
           137.00000
           137.00000
           137.00000
           138.00000
           137.00000
           137.00000
           137.00000
           137.00000
           138.00000
           138.00000
           136.00000
           137.00000
           137.00000
task 0 on core 1 executes 10000 times, exec_avg1:            138.00000
task 2 access time:
       1998899.00000
       1998916.00000
       1999289.00000
       1998902.00000
       1998909.00000
       1998884.00000
       1998877.00000
       1998885.00000
       1998863.00000
       1998892.00000
       1998894.00000
       1998910.00000
       1998884.00000
       1998909.00000
       1998890.00000
       1998880.00000
       1998894.00000
       1998869.00000
       1998885.00000
       1998861.00000
       1998884.00000
       1998864.00000
       1998860.00000
       1998852.00000
       1998827.00000
       1998868.00000
       1998840.00000
       1998914.00000
       1998862.00000
       1998906.00000
       1998860.00000
       1998926.00000
       1998876.00000
       1998863.00000
       1998875.00000
       1998912.00000
       1998864.00000
       1998889.00000
       1998854.00000
       1998899.00000
       1998908.00000
       1998866.00000
       1998910.00000
       1998912.00000
       1998906.00000
       1998904.00000
       1998890.00000
       1998876.00000
       1998870.00000
       1998873.00000
       1998835.00000
       1998883.00000
       1998906.00000
       1998859.00000
       1998864.00000
       1998881.00000
       1998884.00000
       1998840.00000
       1998872.00000
       1998887.00000
       1998889.00000
       1998883.00000
       1998885.00000
       1998856.00000
       1998899.00000
       1998866.00000
       1998898.00000
       1998889.00000
       1998861.00000
       1998884.00000
       1998893.00000
       1998862.00000
       1998855.00000
       1998895.00000
       1998879.00000
       1998906.00000
       1998847.00000
       1998888.00000
       1998892.00000
       1998903.00000
       1998848.00000
       1998834.00000
       1998899.00000
       1998863.00000
       1998881.00000
       1998862.00000
       1998890.00000
       1998901.00000
       1998871.00000
       1998881.00000
       1998875.00000
       1998892.00000
       1998863.00000
       1998866.00000
       1998907.00000
       1998878.00000
       1998886.00000
       1998865.00000
       1998855.00000
       1998862.00000
task 1 on core 2 executes 10000 times, exec_avg1:        1998884.00000
task 3 access time:
       7984048.00000
       7984026.00000
       7984108.00000
       7984032.00000
       7984026.00000
       7984010.00000
       7984046.00000
       7984032.00000
       7984037.00000
       7984050.00000
       7984039.00000
       7984038.00000
       7984045.00000
       7984037.00000
       7984046.00000
       7984041.00000
       7984033.00000
       7984023.00000
       7984051.00000
       7984020.00000
       7984037.00000
       7984054.00000
       7984038.00000
       7984040.00000
       7984029.00000
       7984039.00000
       7984055.00000
       7984041.00000
       7984034.00000
       7984041.00000
       7984036.00000
       7984046.00000
       7984048.00000
       7984035.00000
       7984045.00000
       7984051.00000
       7984049.00000
       7984041.00000
       7984048.00000
       7984027.00000
       7984043.00000
       7984059.00000
       7984034.00000
       7984016.00000
       7984055.00000
       7984048.00000
       7984046.00000
       7984044.00000
       7984032.00000
       7984032.00000
       7984033.00000
       7984045.00000
       7984051.00000
       7984031.00000
       7984024.00000
       7984044.00000
       7984039.00000
       7984057.00000
       7984025.00000
       7984048.00000
       7984041.00000
       7984032.00000
       7984036.00000
       7984042.00000
       7984055.00000
       7984052.00000
       7984040.00000
       7984040.00000
       7984039.00000
       7984037.00000
       7984043.00000
       7984036.00000
       7984019.00000
       7984048.00000
       7984042.00000
       7984031.00000
       7984047.00000
       7984033.00000
       7984042.00000
       7984051.00000
       7984019.00000
       7984036.00000
       7984031.00000
       7984035.00000
       7984028.00000
       7984035.00000
       7984025.00000
       7984027.00000
       7984019.00000
       7984042.00000
       7984044.00000
       7984035.00000
       7984053.00000
       7984041.00000
       7984031.00000
       7984052.00000
       7984045.00000
       7984047.00000
       7984047.00000
       7984044.00000
task 2 on core 1 executes 10000 times, exec_avg1:        7984040.00000
