task 1 access time:
           139.00000
           135.00000
           135.00000
           136.00000
           136.00000
           136.00000
           136.00000
           136.00000
           135.00000
           136.00000
           136.00000
           136.00000
           135.00000
           135.00000
           135.00000
           135.00000
           135.00000
           141.00000
           135.00000
           136.00000
           137.00000
           137.00000
           143.00000
           137.00000
           136.00000
           135.00000
           136.00000
           136.00000
           136.00000
           136.00000
           136.00000
           136.00000
           136.00000
           135.00000
           135.00000
           138.00000
           138.00000
           137.00000
           136.00000
           135.00000
           135.00000
           136.00000
           137.00000
           135.00000
           135.00000
           135.00000
           136.00000
           135.00000
           135.00000
           135.00000
           136.00000
           135.00000
           134.00000
           136.00000
           134.00000
           142.00000
           135.00000
           135.00000
           135.00000
           135.00000
           135.00000
           134.00000
           135.00000
           134.00000
           135.00000
           135.00000
           135.00000
           135.00000
           135.00000
           135.00000
           136.00000
           135.00000
           135.00000
           136.00000
           135.00000
           136.00000
           136.00000
           135.00000
           136.00000
           135.00000
           136.00000
           136.00000
           136.00000
           137.00000
           136.00000
           137.00000
           142.00000
           136.00000
           135.00000
           136.00000
           135.00000
           135.00000
           135.00000
           134.00000
           136.00000
           136.00000
           135.00000
           135.00000
           134.00000
           135.00000
task 0 on core 1 executes 10000 times, exec_avg1:            136.00000
task 2 access time:
       1996180.00000
       1996159.00000
       1996190.00000
       1996188.00000
       1996156.00000
       1996204.00000
       1996196.00000
       1996167.00000
       1996184.00000
       1996191.00000
       1996177.00000
       1996161.00000
       1996189.00000
       1996156.00000
       1996180.00000
       1996172.00000
       1996189.00000
       1996190.00000
       1996197.00000
       1996173.00000
       1996205.00000
       1996181.00000
       1996192.00000
       1996194.00000
       1996183.00000
       1996185.00000
       1996163.00000
       1996176.00000
       1996181.00000
       1996166.00000
       1996178.00000
       1996162.00000
       1996158.00000
       1996182.00000
       1996191.00000
       1996198.00000
       1996212.00000
       1996193.00000
       1996185.00000
       1996180.00000
       1996135.00000
       1996188.00000
       1996153.00000
       1996174.00000
       1996172.00000
       1996148.00000
       1996123.00000
       1996159.00000
       1996158.00000
       1996170.00000
       1996199.00000
       1996178.00000
       1996190.00000
       1996214.00000
       1996154.00000
       1996195.00000
       1996182.00000
       1996161.00000
       1996177.00000
       1996161.00000
       1996166.00000
       1996198.00000
       1996146.00000
       1996150.00000
       1996146.00000
       1996178.00000
       1996134.00000
       1996159.00000
       1996167.00000
       1996171.00000
       1996189.00000
       1996187.00000
       1996169.00000
       1996178.00000
       1996177.00000
       1996173.00000
       1996178.00000
       1996167.00000
       1996183.00000
       1996172.00000
       1996169.00000
       1996173.00000
       1996203.00000
       1996151.00000
       1996191.00000
       1996162.00000
       1996212.00000
       1996156.00000
       1996163.00000
       1996139.00000
       1996181.00000
       1996151.00000
       1996168.00000
       1996193.00000
       1996176.00000
       1996169.00000
       1996169.00000
       1996186.00000
       1996227.00000
       1996142.00000
task 1 on core 2 executes 10000 times, exec_avg1:        1996175.00000
