task 1 access time:
       2994411.00000
       2994644.00000
       2994480.00000
       2994834.00000
       2994347.00000
       2994744.00000
       2994506.00000
       2994712.00000
       2994354.00000
       2994652.00000
       2994238.00000
       2994223.00000
       2994229.00000
       2994232.00000
       2994209.00000
       2994250.00000
       2994258.00000
       2994236.00000
       2994213.00000
       2994236.00000
       2994237.00000
       2994241.00000
       2994240.00000
       2994222.00000
       2994218.00000
       2994229.00000
       2994198.00000
       2994208.00000
       2994243.00000
       2994221.00000
       2994202.00000
       2994205.00000
       2994198.00000
       2994198.00000
       2994209.00000
       2994222.00000
       2994361.00000
       2994225.00000
       2994201.00000
       2994198.00000
       2994229.00000
       2994207.00000
       2994213.00000
       2994221.00000
       2994223.00000
       2994215.00000
       2994209.00000
       2994234.00000
       2994230.00000
       2994199.00000
       2994208.00000
       2994216.00000
       2994236.00000
       2994222.00000
       2994214.00000
       2994229.00000
       2994223.00000
       2994219.00000
       2994193.00000
       2994216.00000
       2994226.00000
       2994231.00000
       2994224.00000
       2994209.00000
       2994220.00000
       2994218.00000
       2994206.00000
       2994227.00000
       2994225.00000
       2994213.00000
       2994221.00000
       2994210.00000
       2994208.00000
       2994198.00000
       2994233.00000
       2994222.00000
       2994201.00000
       2994211.00000
       2994193.00000
       2994215.00000
       2994231.00000
       2994205.00000
       2994216.00000
       2994245.00000
       2994216.00000
       2994200.00000
       2994222.00000
       2994190.00000
       2994201.00000
       2994189.00000
       2994217.00000
       2994201.00000
       2994209.00000
       2994224.00000
       2994214.00000
       2994217.00000
       2994209.00000
       2994223.00000
       2994233.00000
       2994218.00000
task 0 on core 1 executes 10000 times, exec_avg1:        2994254.00000
