task 1 access time:
       2994134.00000
       2994150.00000
       2994119.00000
       2994152.00000
       2994140.00000
       2994111.00000
       2994133.00000
       2994120.00000
       2994134.00000
       2994129.00000
       2994161.00000
       2994150.00000
       2994124.00000
       2994107.00000
       2994171.00000
       2994119.00000
       2994148.00000
       2994122.00000
       2994105.00000
       2994124.00000
       2994134.00000
       2994144.00000
       2994127.00000
       2994129.00000
       2994131.00000
       2994139.00000
       2994124.00000
       2994125.00000
       2994136.00000
       2994139.00000
       2994156.00000
       2994112.00000
       2994155.00000
       2994103.00000
       2994128.00000
       2994120.00000
       2994129.00000
       2994130.00000
       2994121.00000
       2994123.00000
       2994151.00000
       2994115.00000
       2994105.00000
       2994136.00000
       2994149.00000
       2994133.00000
       2994114.00000
       2994129.00000
       2994145.00000
       2994143.00000
       2994117.00000
       2994112.00000
       2994151.00000
       2994147.00000
       2994139.00000
       2994104.00000
       2994130.00000
       2994130.00000
       2994121.00000
       2994127.00000
       2994126.00000
       2994158.00000
       2994113.00000
       2994105.00000
       2994147.00000
       2994130.00000
       2994136.00000
       2994145.00000
       2994135.00000
       2994103.00000
       2994110.00000
       2994122.00000
       2994140.00000
       2994097.00000
       2994113.00000
       2994145.00000
       2994129.00000
       2994134.00000
       2994143.00000
       2994098.00000
       2994146.00000
       2994131.00000
       2994144.00000
       2994121.00000
       2994116.00000
       2994149.00000
       2994132.00000
       2994128.00000
       2994115.00000
       2994104.00000
       2994163.00000
       2994137.00000
       2994136.00000
       2994146.00000
       2994146.00000
       2994130.00000
       2994111.00000
       2994130.00000
       2994094.00000
       2994128.00000
task 0 on core 1 executes 10000 times, exec_avg1:        2994130.00000
task 2 access time:
       4990144.00000
       4990147.00000
       4990111.00000
       4990182.00000
       4990127.00000
       4990107.00000
       4990140.00000
       4990124.00000
       4990148.00000
       4990135.00000
       4990182.00000
       4990157.00000
       4990110.00000
       4990119.00000
       4990201.00000
       4990137.00000
       4990157.00000
       4990102.00000
       4990124.00000
       4990105.00000
       4990152.00000
       4990106.00000
       4990151.00000
       4990122.00000
       4990123.00000
       4990148.00000
       4990152.00000
       4990097.00000
       4990142.00000
       4990118.00000
       4990168.00000
       4990094.00000
       4990122.00000
       4990109.00000
       4990120.00000
       4990097.00000
       4990105.00000
       4990121.00000
       4990127.00000
       4990128.00000
       4990122.00000
       4990117.00000
       4990132.00000
       4990130.00000
       4990141.00000
       4990142.00000
       4990115.00000
       4990118.00000
       4990144.00000
       4990150.00000
       4990123.00000
       4990121.00000
       4990192.00000
       4990162.00000
       4990178.00000
       4990096.00000
       4990102.00000
       4990117.00000
       4990101.00000
       4990120.00000
       4990126.00000
       4990181.00000
       4990139.00000
       4990073.00000
       4990167.00000
       4990129.00000
       4990130.00000
       4990124.00000
       4990127.00000
       4990070.00000
       4990079.00000
       4990117.00000
       4990161.00000
       4990101.00000
       4990127.00000
       4990152.00000
       4990130.00000
       4990127.00000
       4990139.00000
       4990080.00000
       4990148.00000
       4990112.00000
       4990143.00000
       4990146.00000
       4990119.00000
       4990139.00000
       4990135.00000
       4990135.00000
       4990131.00000
       4990098.00000
       4990169.00000
       4990144.00000
       4990130.00000
       4990114.00000
       4990132.00000
       4990161.00000
       4990116.00000
       4990117.00000
       4990095.00000
       4990130.00000
task 1 on core 2 executes 10000 times, exec_avg1:        4990130.00000
