task 1 access time:
       2997609.00000
       2997555.00000
       2997561.00000
       2997546.00000
       2997560.00000
       2997566.00000
       2997591.00000
       2997594.00000
       2997575.00000
       2997583.00000
       2997577.00000
       2997558.00000
       2997563.00000
       2997554.00000
       2997583.00000
       2997555.00000
       2997589.00000
       2997604.00000
       2997578.00000
       2997587.00000
       2997550.00000
       2997593.00000
       2997588.00000
       2997618.00000
       2997595.00000
       2997573.00000
       2997580.00000
       2997571.00000
       2997567.00000
       2997567.00000
       2997557.00000
       2997587.00000
       2997572.00000
       2997562.00000
       2997605.00000
       2997569.00000
       2997568.00000
       2997579.00000
       2997573.00000
       2997577.00000
       2997559.00000
       2997541.00000
       2997557.00000
       2997630.00000
       2997588.00000
       2997598.00000
       2997620.00000
       2997605.00000
       2997586.00000
       2997597.00000
       2997599.00000
       2997597.00000
       2997624.00000
       2997617.00000
       2997605.00000
       2997614.00000
       2997601.00000
       2997597.00000
       2997625.00000
       2997557.00000
       2997534.00000
       2997530.00000
       2997582.00000
       2997583.00000
       2997584.00000
       2997611.00000
       2997592.00000
       2997581.00000
       2997570.00000
       2997595.00000
       2997557.00000
       2997603.00000
       2997597.00000
       2997555.00000
       2997606.00000
       2997577.00000
       2997561.00000
       2997604.00000
       2997560.00000
       2997575.00000
       2997589.00000
       2997591.00000
       2997606.00000
       2997561.00000
       2997575.00000
       2997565.00000
       2997561.00000
       2997579.00000
       2997588.00000
       2997619.00000
       2997571.00000
       2997626.00000
       2997593.00000
       2997571.00000
       2997583.00000
       2997584.00000
       2997584.00000
       2997594.00000
       2997578.00000
       2997605.00000
task 0 on core 1 executes 10000 times, exec_avg1:        2997582.00000
task 2 access time:
       4994264.00000
       4994192.00000
       4994217.00000
       4994170.00000
       4994205.00000
       4994227.00000
       4994229.00000
       4994240.00000
       4994231.00000
       4994220.00000
       4994238.00000
       4994209.00000
       4994222.00000
       4994196.00000
       4994224.00000
       4994220.00000
       4994255.00000
       4994252.00000
       4994247.00000
       4994239.00000
       4994186.00000
       4994256.00000
       4994209.00000
       4994248.00000
       4994229.00000
       4994245.00000
       4994226.00000
       4994219.00000
       4994216.00000
       4994204.00000
       4994208.00000
       4994245.00000
       4994207.00000
       4994216.00000
       4994253.00000
       4994231.00000
       4994224.00000
       4994224.00000
       4994241.00000
       4994205.00000
       4994198.00000
       4994181.00000
       4994236.00000
       4994274.00000
       4994240.00000
       4994253.00000
       4994239.00000
       4994273.00000
       4994203.00000
       4994230.00000
       4994246.00000
       4994223.00000
       4994285.00000
       4994250.00000
       4994235.00000
       4994268.00000
       4994213.00000
       4994217.00000
       4994269.00000
       4994192.00000
       4994184.00000
       4994162.00000
       4994237.00000
       4994220.00000
       4994204.00000
       4994246.00000
       4994234.00000
       4994210.00000
       4994227.00000
       4994253.00000
       4994205.00000
       4994229.00000
       4994241.00000
       4994223.00000
       4994264.00000
       4994236.00000
       4994210.00000
       4994263.00000
       4994194.00000
       4994232.00000
       4994251.00000
       4994244.00000
       4994272.00000
       4994204.00000
       4994226.00000
       4994237.00000
       4994187.00000
       4994201.00000
       4994220.00000
       4994282.00000
       4994221.00000
       4994255.00000
       4994240.00000
       4994223.00000
       4994202.00000
       4994241.00000
       4994232.00000
       4994234.00000
       4994210.00000
       4994254.00000
task 1 on core 2 executes 10000 times, exec_avg1:        4994228.00000
task 3 access time:
       7984046.00000
       7984019.00000
       7984026.00000
       7984038.00000
       7984037.00000
       7984032.00000
       7984036.00000
       7984018.00000
       7984020.00000
       7984032.00000
       7984019.00000
       7984028.00000
       7984021.00000
       7984044.00000
       7984046.00000
       7984036.00000
       7984035.00000
       7984036.00000
       7984035.00000
       7984014.00000
       7984022.00000
       7984035.00000
       7984024.00000
       7984045.00000
       7984026.00000
       7984030.00000
       7984032.00000
       7984025.00000
       7984058.00000
       7984024.00000
       7984032.00000
       7984042.00000
       7984036.00000
       7984050.00000
       7984042.00000
       7984026.00000
       7984020.00000
       7984039.00000
       7984049.00000
       7984045.00000
       7984018.00000
       7984035.00000
       7984041.00000
       7984030.00000
       7984019.00000
       7984019.00000
       7984027.00000
       7984021.00000
       7984014.00000
       7984037.00000
       7984019.00000
       7984043.00000
       7984018.00000
       7984034.00000
       7984046.00000
       7984023.00000
       7984030.00000
       7984028.00000
       7984025.00000
       7984025.00000
       7984038.00000
       7984018.00000
       7984048.00000
       7984037.00000
       7984043.00000
       7984027.00000
       7984030.00000
       7984044.00000
       7984033.00000
       7984036.00000
       7984032.00000
       7984045.00000
       7984029.00000
       7984037.00000
       7984040.00000
       7984046.00000
       7984039.00000
       7984044.00000
       7984038.00000
       7984039.00000
       7984028.00000
       7984037.00000
       7984029.00000
       7984019.00000
       7984038.00000
       7984060.00000
       7984028.00000
       7984046.00000
       7984043.00000
       7984045.00000
       7984034.00000
       7984025.00000
       7984015.00000
       7984024.00000
       7984053.00000
       7984030.00000
       7984031.00000
       7984029.00000
       7984041.00000
       7984035.00000
task 2 on core 1 executes 10000 times, exec_avg1:        7984033.00000
