task 1 access time:
       2994173.00000
       2994130.00000
       2994146.00000
       2994162.00000
       2994137.00000
       2994155.00000
       2994155.00000
       2994152.00000
       2994151.00000
       2994137.00000
       2994163.00000
       2994172.00000
       2994132.00000
       2994162.00000
       2994140.00000
       2994148.00000
       2994151.00000
       2994178.00000
       2994143.00000
       2994169.00000
       2994155.00000
       2994128.00000
       2994178.00000
       2994170.00000
       2994139.00000
       2994149.00000
       2994144.00000
       2994154.00000
       2994181.00000
       2994147.00000
       2994153.00000
       2994157.00000
       2994142.00000
       2994166.00000
       2994144.00000
       2994148.00000
       2994168.00000
       2994128.00000
       2994157.00000
       2994165.00000
       2994153.00000
       2994147.00000
       2994144.00000
       2994161.00000
       2994152.00000
       2994154.00000
       2994154.00000
       2994145.00000
       2994125.00000
       2994163.00000
       2994159.00000
       2994155.00000
       2994148.00000
       2994149.00000
       2994152.00000
       2994166.00000
       2994160.00000
       2994158.00000
       2994144.00000
       2994145.00000
       2994151.00000
       2994153.00000
       2994183.00000
       2994146.00000
       2994137.00000
       2994146.00000
       2994142.00000
       2994128.00000
       2994134.00000
       2994146.00000
       2994164.00000
       2994204.00000
       2994167.00000
       2994175.00000
       2994161.00000
       2994124.00000
       2994151.00000
       2994175.00000
       2994147.00000
       2994167.00000
       2994159.00000
       2994151.00000
       2994174.00000
       2994175.00000
       2994144.00000
       2994125.00000
       2994163.00000
       2994140.00000
       2994140.00000
       2994168.00000
       2994151.00000
       2994152.00000
       2994158.00000
       2994154.00000
       2994148.00000
       2994164.00000
       2994145.00000
       2994164.00000
       2994142.00000
       2994141.00000
task 0 on core 1 executes 10000 times, exec_avg1:        2994153.00000
task 2 access time:
       4990144.00000
       4990106.00000
       4990128.00000
       4990137.00000
       4990138.00000
       4990105.00000
       4990141.00000
       4990117.00000
       4990142.00000
       4990141.00000
       4990142.00000
       4990164.00000
       4990121.00000
       4990114.00000
       4990107.00000
       4990159.00000
       4990098.00000
       4990145.00000
       4990141.00000
       4990146.00000
       4990146.00000
       4990097.00000
       4990158.00000
       4990132.00000
       4990088.00000
       4990142.00000
       4990126.00000
       4990113.00000
       4990142.00000
       4990119.00000
       4990119.00000
       4990144.00000
       4990104.00000
       4990146.00000
       4990125.00000
       4990109.00000
       4990161.00000
       4990084.00000
       4990143.00000
       4990142.00000
       4990123.00000
       4990089.00000
       4990137.00000
       4990148.00000
       4990110.00000
       4990141.00000
       4990152.00000
       4990123.00000
       4990104.00000
       4990163.00000
       4990142.00000
       4990133.00000
       4990147.00000
       4990108.00000
       4990098.00000
       4990144.00000
       4990127.00000
       4990150.00000
       4990143.00000
       4990131.00000
       4990143.00000
       4990141.00000
       4990177.00000
       4990095.00000
       4990152.00000
       4990109.00000
       4990100.00000
       4990112.00000
       4990123.00000
       4990105.00000
       4990115.00000
       4990165.00000
       4990153.00000
       4990160.00000
       4990124.00000
       4990116.00000
       4990160.00000
       4990157.00000
       4990119.00000
       4990159.00000
       4990113.00000
       4990117.00000
       4990170.00000
       4990136.00000
       4990152.00000
       4990082.00000
       4990118.00000
       4990119.00000
       4990095.00000
       4990151.00000
       4990126.00000
       4990169.00000
       4990113.00000
       4990107.00000
       4990114.00000
       4990160.00000
       4990133.00000
       4990150.00000
       4990121.00000
       4990103.00000
task 1 on core 2 executes 10000 times, exec_avg1:        4990130.00000
task 3 access time:
       7485518.00000
       7485496.00000
       7485503.00000
       7485511.00000
       7485529.00000
       7485448.00000
       7485484.00000
       7485508.00000
       7485505.00000
       7485504.00000
       7485504.00000
       7485525.00000
       7485512.00000
       7485497.00000
       7485503.00000
       7485531.00000
       7485492.00000
       7485565.00000
       7485519.00000
       7485547.00000
       7485508.00000
       7485460.00000
       7485495.00000
       7485535.00000
       7485497.00000
       7485499.00000
       7485527.00000
       7485509.00000
       7485536.00000
       7485498.00000
       7485518.00000
       7485523.00000
       7485506.00000
       7485526.00000
       7485484.00000
       7485469.00000
       7485488.00000
       7485500.00000
       7485541.00000
       7485532.00000
       7485512.00000
       7485474.00000
       7485512.00000
       7485517.00000
       7485474.00000
       7485491.00000
       7485532.00000
       7485512.00000
       7485480.00000
       7485555.00000
       7485504.00000
       7485525.00000
       7485511.00000
       7485526.00000
       7485507.00000
       7485507.00000
       7485532.00000
       7485548.00000
       7485521.00000
       7485493.00000
       7485550.00000
       7485498.00000
       7485584.00000
       7485450.00000
       7485501.00000
       7485467.00000
       7485478.00000
       7485508.00000
       7485472.00000
       7485495.00000
       7485491.00000
       7485546.00000
       7485540.00000
       7485515.00000
       7485525.00000
       7485487.00000
       7485495.00000
       7485490.00000
       7485475.00000
       7485526.00000
       7485464.00000
       7485490.00000
       7485514.00000
       7485529.00000
       7485539.00000
       7485472.00000
       7485498.00000
       7485489.00000
       7485496.00000
       7485525.00000
       7485483.00000
       7485553.00000
       7485487.00000
       7485493.00000
       7485496.00000
       7485522.00000
       7485480.00000
       7485502.00000
       7485504.00000
       7485439.00000
task 2 on core 3 executes 10000 times, exec_avg1:        7485507.00000
