task 1 access time:
       2997414.00000
       2997368.00000
       2997411.00000
       2997399.00000
       2997400.00000
       2997359.00000
       2997412.00000
       2997370.00000
       2997349.00000
       2997423.00000
       2997405.00000
       2997386.00000
       2997424.00000
       2997378.00000
       2997344.00000
       2997414.00000
       2997366.00000
       2997354.00000
       2997348.00000
       2997396.00000
       2997376.00000
       2997376.00000
       2997348.00000
       2997369.00000
       2997348.00000
       2997375.00000
       2997379.00000
       2997392.00000
       2997407.00000
       2997386.00000
       2997427.00000
       2997361.00000
       2997398.00000
       2997388.00000
       2997366.00000
       2997392.00000
       2997361.00000
       2997366.00000
       2997375.00000
       2997370.00000
       2997364.00000
       2997347.00000
       2997377.00000
       2997370.00000
       2997366.00000
       2997373.00000
       2997386.00000
       2997336.00000
       2997350.00000
       2997376.00000
       2997373.00000
       2997349.00000
       2997382.00000
       2997441.00000
       2997445.00000
       2997380.00000
       2997346.00000
       2997392.00000
       2997339.00000
       2997399.00000
       2997400.00000
       2997357.00000
       2997353.00000
       2997374.00000
       2997368.00000
       2997403.00000
       2997435.00000
       2997465.00000
       2997462.00000
       2997422.00000
       2997466.00000
       2997386.00000
       2997332.00000
       2997333.00000
       2997392.00000
       2997335.00000
       2997364.00000
       2997366.00000
       2997373.00000
       2997393.00000
       2997388.00000
       2997378.00000
       2997387.00000
       2997389.00000
       2997356.00000
       2997387.00000
       2997393.00000
       2997375.00000
       2997377.00000
       2997377.00000
       2997394.00000
       2997338.00000
       2997334.00000
       2997410.00000
       2997348.00000
       2997356.00000
       2997386.00000
       2997366.00000
       2997364.00000
       2997386.00000
task 0 on core 1 executes 10000 times, exec_avg1:        2997380.00000
task 2 access time:
       4993557.00000
       4993478.00000
       4993529.00000
       4993501.00000
       4993479.00000
       4993458.00000
       4993522.00000
       4993480.00000
       4993455.00000
       4993528.00000
       4993536.00000
       4993479.00000
       4993529.00000
       4993496.00000
       4993455.00000
       4993544.00000
       4993495.00000
       4993482.00000
       4993450.00000
       4993496.00000
       4993445.00000
       4993477.00000
       4993471.00000
       4993504.00000
       4993452.00000
       4993447.00000
       4993475.00000
       4993538.00000
       4993546.00000
       4993509.00000
       4993561.00000
       4993475.00000
       4993536.00000
       4993489.00000
       4993488.00000
       4993521.00000
       4993483.00000
       4993458.00000
       4993479.00000
       4993477.00000
       4993473.00000
       4993478.00000
       4993519.00000
       4993498.00000
       4993505.00000
       4993480.00000
       4993509.00000
       4993466.00000
       4993516.00000
       4993490.00000
       4993470.00000
       4993473.00000
       4993462.00000
       4993593.00000
       4993538.00000
       4993460.00000
       4993449.00000
       4993526.00000
       4993467.00000
       4993491.00000
       4993526.00000
       4993459.00000
       4993466.00000
       4993499.00000
       4993516.00000
       4993545.00000
       4993553.00000
       4993583.00000
       4993593.00000
       4993540.00000
       4993580.00000
       4993520.00000
       4993436.00000
       4993445.00000
       4993524.00000
       4993419.00000
       4993477.00000
       4993488.00000
       4993479.00000
       4993505.00000
       4993467.00000
       4993494.00000
       4993520.00000
       4993482.00000
       4993463.00000
       4993502.00000
       4993518.00000
       4993483.00000
       4993510.00000
       4993490.00000
       4993494.00000
       4993444.00000
       4993462.00000
       4993492.00000
       4993469.00000
       4993481.00000
       4993526.00000
       4993497.00000
       4993484.00000
       4993512.00000
task 1 on core 2 executes 10000 times, exec_avg1:        4993496.00000
task 3 access time:
       6989936.00000
       6989871.00000
       6989889.00000
       6989920.00000
       6989851.00000
       6989853.00000
       6989875.00000
       6989813.00000
       6989831.00000
       6989887.00000
       6989944.00000
       6989912.00000
       6989925.00000
       6989845.00000
       6989856.00000
       6989923.00000
       6989842.00000
       6989858.00000
       6989840.00000
       6989916.00000
       6989849.00000
       6989884.00000
       6989868.00000
       6989857.00000
       6989843.00000
       6989831.00000
       6989888.00000
       6989916.00000
       6989872.00000
       6989905.00000
       6989953.00000
       6989855.00000
       6989904.00000
       6989890.00000
       6989862.00000
       6989885.00000
       6989890.00000
       6989902.00000
       6989844.00000
       6989832.00000
       6989857.00000
       6989871.00000
       6989877.00000
       6989857.00000
       6989891.00000
       6989846.00000
       6989878.00000
       6989842.00000
       6989855.00000
       6989905.00000
       6989854.00000
       6989820.00000
       6989894.00000
       6989966.00000
       6989929.00000
       6989866.00000
       6989827.00000
       6989895.00000
       6989803.00000
       6989922.00000
       6989913.00000
       6989847.00000
       6989842.00000
       6989876.00000
       6989893.00000
       6989920.00000
       6989930.00000
       6989919.00000
       6989931.00000
       6989896.00000
       6989961.00000
       6989912.00000
       6989834.00000
       6989815.00000
       6989864.00000
       6989818.00000
       6989840.00000
       6989885.00000
       6989859.00000
       6989924.00000
       6989865.00000
       6989893.00000
       6989895.00000
       6989869.00000
       6989831.00000
       6989887.00000
       6989913.00000
       6989874.00000
       6989882.00000
       6989882.00000
       6989889.00000
       6989845.00000
       6989815.00000
       6989897.00000
       6989861.00000
       6989864.00000
       6989899.00000
       6989891.00000
       6989886.00000
       6989869.00000
task 2 on core 3 executes 10000 times, exec_avg1:        6989878.00000
task 4 access time:
       7984027.00000
       7984036.00000
       7984036.00000
       7984040.00000
       7984009.00000
       7984031.00000
       7984038.00000
       7984028.00000
       7984029.00000
       7984010.00000
       7984045.00000
       7984025.00000
       7984020.00000
       7984030.00000
       7984032.00000
       7984027.00000
       7984021.00000
       7984017.00000
       7984034.00000
       7984015.00000
       7984023.00000
       7984038.00000
       7984028.00000
       7984026.00000
       7984022.00000
       7984037.00000
       7984042.00000
       7984024.00000
       7984035.00000
       7984036.00000
       7984029.00000
       7984024.00000
       7984036.00000
       7984023.00000
       7984023.00000
       7984030.00000
       7984032.00000
       7984029.00000
       7984042.00000
       7984023.00000
       7984033.00000
       7984028.00000
       7984001.00000
       7984028.00000
       7984032.00000
       7984025.00000
       7984031.00000
       7984017.00000
       7984040.00000
       7984034.00000
       7984041.00000
       7984039.00000
       7984008.00000
       7984034.00000
       7984034.00000
       7984024.00000
       7984056.00000
       7984041.00000
       7984018.00000
       7984021.00000
       7984018.00000
       7984030.00000
       7984036.00000
       7984051.00000
       7984029.00000
       7984032.00000
       7984042.00000
       7984022.00000
       7984029.00000
       7984015.00000
       7984030.00000
       7984020.00000
       7984012.00000
       7984019.00000
       7984033.00000
       7984036.00000
       7984038.00000
       7984031.00000
       7984022.00000
       7984024.00000
       7984032.00000
       7984046.00000
       7984007.00000
       7984027.00000
       7984037.00000
       7984040.00000
       7984031.00000
       7984031.00000
       7984034.00000
       7984019.00000
       7984010.00000
       7984020.00000
       7984022.00000
       7984024.00000
       7984040.00000
       7984031.00000
       7984038.00000
       7984033.00000
       7984041.00000
       7984054.00000
task 3 on core 1 executes 10000 times, exec_avg1:        7984029.00000
