task 1 access time:
      10979252.00000
      10979201.00000
      10979185.00000
      10979198.00000
      10979196.00000
      10979233.00000
      10979226.00000
      10979232.00000
      10979268.00000
      10979242.00000
      10979230.00000
      10979181.00000
      10979198.00000
      10979182.00000
      10979186.00000
      10979197.00000
      10979224.00000
      10979201.00000
      10979206.00000
      10979188.00000
      10979204.00000
      10979229.00000
      10979225.00000
      10979197.00000
      10979229.00000
      10979210.00000
      10979243.00000
      10979213.00000
      10979242.00000
      10979199.00000
      10979219.00000
      10979246.00000
      10979212.00000
      10979233.00000
      10979213.00000
      10979210.00000
      10979211.00000
      10979205.00000
      10979223.00000
      10979241.00000
      10979243.00000
      10979240.00000
      10979224.00000
      10979199.00000
      10979282.00000
      10979225.00000
      10979229.00000
      10979253.00000
      10979223.00000
      10979219.00000
      10979212.00000
      10979201.00000
      10979217.00000
      10979241.00000
      10979218.00000
      10979217.00000
      10979200.00000
      10979226.00000
      10979235.00000
      10979207.00000
      10979204.00000
      10979193.00000
      10979208.00000
      10979224.00000
      10979231.00000
      10979247.00000
      10979222.00000
      10979205.00000
      10979240.00000
      10979220.00000
      10979216.00000
      10979218.00000
      10979225.00000
      10979243.00000
      10979193.00000
      10979210.00000
      10979223.00000
      10979220.00000
      10979212.00000
      10979242.00000
      10979185.00000
      10979216.00000
      10979214.00000
      10979243.00000
      10979228.00000
      10979222.00000
      10979200.00000
      10979209.00000
      10979241.00000
      10979195.00000
      10979183.00000
      10979202.00000
      10979223.00000
      10979223.00000
      10979220.00000
      10979200.00000
      10979222.00000
      10979266.00000
      10979218.00000
      10979248.00000
task 0 on core 1 executes 10000 times, exec_avg1:       10979219.00000
task 2 access time:
       2994070.00000
       2994057.00000
       2994047.00000
       2994082.00000
       2994066.00000
       2994057.00000
       2994064.00000
       2994087.00000
       2994059.00000
       2994052.00000
       2994056.00000
       2994067.00000
       2994056.00000
       2994078.00000
       2994051.00000
       2994087.00000
       2994043.00000
       2994089.00000
       2994070.00000
       2994060.00000
       2994049.00000
       2994082.00000
       2994056.00000
       2994058.00000
       2994078.00000
       2994047.00000
       2994061.00000
       2994063.00000
       2994078.00000
       2994077.00000
       2994063.00000
       2994060.00000
       2994074.00000
       2994058.00000
       2994056.00000
       2994062.00000
       2994058.00000
       2994066.00000
       2994070.00000
       2994057.00000
       2994045.00000
       2994068.00000
       2994064.00000
       2994097.00000
       2994060.00000
       2994071.00000
       2994054.00000
       2994074.00000
       2994056.00000
       2994063.00000
       2994062.00000
       2994047.00000
       2994066.00000
       2994059.00000
       2994062.00000
       2994059.00000
       2994081.00000
       2994073.00000
       2994071.00000
       2994043.00000
       2994042.00000
       2994077.00000
       2994073.00000
       2994056.00000
       2994056.00000
       2994050.00000
       2994048.00000
       2994040.00000
       2994060.00000
       2994060.00000
       2994095.00000
       2994067.00000
       2994061.00000
       2994085.00000
       2994062.00000
       2994083.00000
       2994069.00000
       2994058.00000
       2994072.00000
       2994082.00000
       2994055.00000
       2994077.00000
       2994039.00000
       2994077.00000
       2994070.00000
       2994070.00000
       2994060.00000
       2994063.00000
       2994045.00000
       2994062.00000
       2994066.00000
       2994044.00000
       2994065.00000
       2994056.00000
       2994052.00000
       2994077.00000
       2994066.00000
       2994077.00000
       2994074.00000
       2994052.00000
task 1 on core 2 executes 10000 times, exec_avg1:        2994064.00000
task 3 access time:
       7984026.00000
       7984032.00000
       7984003.00000
       7984017.00000
       7984024.00000
       7984015.00000
       7984022.00000
       7984029.00000
       7984031.00000
       7984043.00000
       7984023.00000
       7984013.00000
       7984016.00000
       7984010.00000
       7984016.00000
       7984015.00000
       7984018.00000
       7984021.00000
       7984009.00000
       7984008.00000
       7984022.00000
       7984038.00000
       7984030.00000
       7984006.00000
       7984013.00000
       7984016.00000
       7984018.00000
       7984013.00000
       7984026.00000
       7984005.00000
       7984014.00000
       7984027.00000
       7984010.00000
       7984017.00000
       7984029.00000
       7984017.00000
       7984039.00000
       7984026.00000
       7984012.00000
       7984032.00000
       7984045.00000
       7984025.00000
       7984033.00000
       7984023.00000
       7984023.00000
       7984026.00000
       7984017.00000
       7984029.00000
       7984034.00000
       7984010.00000
       7984012.00000
       7984020.00000
       7984019.00000
       7984027.00000
       7984006.00000
       7984007.00000
       7983998.00000
       7984027.00000
       7984028.00000
       7984023.00000
       7984036.00000
       7983993.00000
       7984008.00000
       7984019.00000
       7984021.00000
       7984018.00000
       7984014.00000
       7984013.00000
       7984026.00000
       7984030.00000
       7984015.00000
       7984023.00000
       7984002.00000
       7984038.00000
       7984007.00000
       7984017.00000
       7984027.00000
       7984014.00000
       7984030.00000
       7984013.00000
       7984008.00000
       7984028.00000
       7984032.00000
       7984040.00000
       7984016.00000
       7984020.00000
       7984021.00000
       7984005.00000
       7984027.00000
       7984004.00000
       7984014.00000
       7984013.00000
       7984038.00000
       7984025.00000
       7984008.00000
       7984010.00000
       7984013.00000
       7984037.00000
       7984016.00000
       7984024.00000
task 2 on core 1 executes 10000 times, exec_avg1:        7984020.00000
