task 1 access time:
       3006455.00000
       3006414.00000
       3006403.00000
       3006386.00000
       3006389.00000
       3006354.00000
       3006384.00000
       3006403.00000
       3006369.00000
       3006440.00000
       3006368.00000
       3006384.00000
       3006394.00000
       3006426.00000
       3006367.00000
       3006392.00000
       3006450.00000
       3006391.00000
       3006396.00000
       3006413.00000
       3006419.00000
       3006421.00000
       3006376.00000
       3006395.00000
       3006365.00000
       3006386.00000
       3006420.00000
       3006383.00000
       3006406.00000
       3006440.00000
       3006388.00000
       3006394.00000
       3006387.00000
       3006390.00000
       3006393.00000
       3006380.00000
       3006378.00000
       3006445.00000
       3006418.00000
       3006433.00000
       3006395.00000
       3006402.00000
       3006449.00000
       3006412.00000
       3006401.00000
       3006410.00000
       3006388.00000
       3006354.00000
       3006424.00000
       3006461.00000
       3006455.00000
       3006356.00000
       3006401.00000
       3006431.00000
       3006388.00000
       3006413.00000
       3006386.00000
       3006410.00000
       3006393.00000
       3006395.00000
       3006408.00000
       3006449.00000
       3006372.00000
       3006395.00000
       3006406.00000
       3006396.00000
       3006383.00000
       3006398.00000
       3006449.00000
       3006395.00000
       3006412.00000
       3006373.00000
       3006343.00000
       3006401.00000
       3006400.00000
       3006428.00000
       3006418.00000
       3006448.00000
       3006398.00000
       3006383.00000
       3006390.00000
       3006414.00000
       3006370.00000
       3006346.00000
       3006346.00000
       3006424.00000
       3006386.00000
       3006390.00000
       3006389.00000
       3006387.00000
       3006416.00000
       3006384.00000
       3006392.00000
       3006378.00000
       3006382.00000
       3006398.00000
       3006409.00000
       3006381.00000
       3006358.00000
       3006393.00000
task 0 on core 1 executes 10000 times, exec_avg1:        3006399.00000
task 2 access time:
       2994105.00000
       2994090.00000
       2994091.00000
       2994099.00000
       2994105.00000
       2994092.00000
       2994096.00000
       2994109.00000
       2994077.00000
       2994088.00000
       2994106.00000
       2994087.00000
       2994093.00000
       2994086.00000
       2994082.00000
       2994096.00000
       2994091.00000
       2994080.00000
       2994077.00000
       2994098.00000
       2994097.00000
       2994103.00000
       2994085.00000
       2994067.00000
       2994096.00000
       2994100.00000
       2994078.00000
       2994104.00000
       2994104.00000
       2994087.00000
       2994103.00000
       2994105.00000
       2994092.00000
       2994086.00000
       2994079.00000
       2994090.00000
       2994078.00000
       2994100.00000
       2994092.00000
       2994085.00000
       2994107.00000
       2994091.00000
       2994086.00000
       2994086.00000
       2994097.00000
       2994082.00000
       2994078.00000
       2994083.00000
       2994106.00000
       2994074.00000
       2994078.00000
       2994080.00000
       2994090.00000
       2994087.00000
       2994090.00000
       2994081.00000
       2994101.00000
       2994096.00000
       2994096.00000
       2994096.00000
       2994078.00000
       2994093.00000
       2994106.00000
       2994083.00000
       2994086.00000
       2994096.00000
       2994079.00000
       2994078.00000
       2994095.00000
       2994092.00000
       2994086.00000
       2994089.00000
       2994090.00000
       2994082.00000
       2994117.00000
       2994097.00000
       2994097.00000
       2994097.00000
       2994095.00000
       2994109.00000
       2994093.00000
       2994072.00000
       2994084.00000
       2994090.00000
       2994084.00000
       2994083.00000
       2994082.00000
       2994083.00000
       2994079.00000
       2994077.00000
       2994091.00000
       2994095.00000
       2994092.00000
       2994080.00000
       2994085.00000
       2994079.00000
       2994091.00000
       2994094.00000
       2994097.00000
       2994086.00000
task 1 on core 2 executes 10000 times, exec_avg1:        2994090.00000
task 3 access time:
       2994052.00000
       2994067.00000
       2994078.00000
       2994074.00000
       2994068.00000
       2994055.00000
       2994098.00000
       2994060.00000
       2994052.00000
       2994053.00000
       2994068.00000
       2994059.00000
       2994070.00000
       2994062.00000
       2994085.00000
       2994071.00000
       2994071.00000
       2994062.00000
       2994079.00000
       2994071.00000
       2994054.00000
       2994070.00000
       2994081.00000
       2994057.00000
       2994061.00000
       2994071.00000
       2994062.00000
       2994046.00000
       2994079.00000
       2994074.00000
       2994034.00000
       2994060.00000
       2994060.00000
       2994069.00000
       2994066.00000
       2994068.00000
       2994047.00000
       2994063.00000
       2994060.00000
       2994073.00000
       2994080.00000
       2994075.00000
       2994067.00000
       2994063.00000
       2994063.00000
       2994068.00000
       2994073.00000
       2994024.00000
       2994052.00000
       2994069.00000
       2994063.00000
       2994083.00000
       2994049.00000
       2994062.00000
       2994071.00000
       2994073.00000
       2994054.00000
       2994075.00000
       2994080.00000
       2994078.00000
       2994050.00000
       2994086.00000
       2994048.00000
       2994069.00000
       2994052.00000
       2994068.00000
       2994073.00000
       2994097.00000
       2994057.00000
       2994034.00000
       2994055.00000
       2994069.00000
       2994069.00000
       2994074.00000
       2994064.00000
       2994063.00000
       2994039.00000
       2994059.00000
       2994057.00000
       2994071.00000
       2994053.00000
       2994056.00000
       2994066.00000
       2994078.00000
       2994045.00000
       2994044.00000
       2994075.00000
       2994060.00000
       2994077.00000
       2994058.00000
       2994040.00000
       2994071.00000
       2994067.00000
       2994051.00000
       2994065.00000
       2994084.00000
       2994045.00000
       2994076.00000
       2994072.00000
       2994068.00000
task 2 on core 3 executes 10000 times, exec_avg1:        2994064.00000
task 4 access time:
       7984028.00000
       7984030.00000
       7984043.00000
       7984025.00000
       7984054.00000
       7984025.00000
       7984015.00000
       7984016.00000
       7984032.00000
       7984036.00000
       7984027.00000
       7984029.00000
       7984023.00000
       7984031.00000
       7984036.00000
       7984032.00000
       7984045.00000
       7984033.00000
       7984037.00000
       7984021.00000
       7984033.00000
       7984038.00000
       7984045.00000
       7984041.00000
       7984039.00000
       7984031.00000
       7984020.00000
       7984031.00000
       7984032.00000
       7984026.00000
       7984032.00000
       7984043.00000
       7984010.00000
       7984038.00000
       7984027.00000
       7984018.00000
       7984044.00000
       7984027.00000
       7984024.00000
       7984020.00000
       7984026.00000
       7984011.00000
       7984045.00000
       7984023.00000
       7984029.00000
       7984019.00000
       7984029.00000
       7984042.00000
       7984032.00000
       7984037.00000
       7984056.00000
       7984050.00000
       7984040.00000
       7984048.00000
       7984036.00000
       7984050.00000
       7984051.00000
       7984048.00000
       7984048.00000
       7984044.00000
       7984026.00000
       7984037.00000
       7984046.00000
       7984055.00000
       7984031.00000
       7984049.00000
       7984047.00000
       7984045.00000
       7984042.00000
       7984017.00000
       7984050.00000
       7984027.00000
       7984040.00000
       7984044.00000
       7984034.00000
       7984057.00000
       7984042.00000
       7984046.00000
       7984045.00000
       7984042.00000
       7984043.00000
       7984033.00000
       7984030.00000
       7984045.00000
       7984041.00000
       7984046.00000
       7984043.00000
       7984036.00000
       7984050.00000
       7984045.00000
       7984031.00000
       7984045.00000
       7984047.00000
       7984062.00000
       7984035.00000
       7984047.00000
       7984057.00000
       7984044.00000
       7984049.00000
       7984033.00000
task 3 on core 1 executes 10000 times, exec_avg1:        7984037.00000
