task 1 access time:
       2994028.00000
       2994098.00000
       2994020.00000
       2994061.00000
       2994043.00000
       2994021.00000
       2994018.00000
       2994148.00000
       2994021.00000
       2994059.00000
       2994003.00000
       2994016.00000
       2994013.00000
       2994013.00000
       2994044.00000
       2994015.00000
       2994017.00000
       2994024.00000
       2993981.00000
       2994013.00000
       2994018.00000
       2994021.00000
       2994004.00000
       2994006.00000
       2994064.00000
       2994005.00000
       2994018.00000
       2994025.00000
       2994003.00000
       2994016.00000
       2994019.00000
       2994022.00000
       2994015.00000
       2994023.00000
       2994024.00000
       2993986.00000
       2993995.00000
       2994016.00000
       2993996.00000
       2994011.00000
       2994042.00000
       2993992.00000
       2994009.00000
       2994019.00000
       2993998.00000
       2994029.00000
       2993997.00000
       2994015.00000
       2993996.00000
       2993990.00000
       2993999.00000
       2994001.00000
       2993981.00000
       2994009.00000
       2994023.00000
       2993995.00000
       2994006.00000
       2994009.00000
       2994022.00000
       2993994.00000
       2993990.00000
       2994015.00000
       2994011.00000
       2994003.00000
       2994034.00000
       2994013.00000
       2994001.00000
       2993995.00000
       2994033.00000
       2994002.00000
       2994013.00000
       2993998.00000
       2994023.00000
       2993995.00000
       2994004.00000
       2993999.00000
       2994020.00000
       2994030.00000
       2994002.00000
       2994004.00000
       2994005.00000
       2994003.00000
       2994012.00000
       2994003.00000
       2994007.00000
       2994003.00000
       2994002.00000
       2993999.00000
       2994007.00000
       2994018.00000
       2994005.00000
       2994090.00000
       2994002.00000
       2993989.00000
       2994017.00000
       2994029.00000
       2994006.00000
       2994011.00000
       2994025.00000
       2994001.00000
task 0 on core 1 executes 10000 times, exec_avg1:        2994015.00000
