task 1 access time:
       3019772.00000
       3019879.00000
       3019808.00000
       3019870.00000
       3019893.00000
       3019928.00000
       3019837.00000
       3019868.00000
       3019904.00000
       3019830.00000
       3019841.00000
       3019891.00000
       3019784.00000
       3019819.00000
       3019873.00000
       3019784.00000
       3019805.00000
       3019857.00000
       3019869.00000
       3019800.00000
       3019898.00000
       3019844.00000
       3019788.00000
       3019856.00000
       3019801.00000
       3019806.00000
       3019962.00000
       3019830.00000
       3019788.00000
       3019909.00000
       3019831.00000
       3019800.00000
       3019877.00000
       3019813.00000
       3019836.00000
       3019897.00000
       3019870.00000
       3019765.00000
       3019898.00000
       3019798.00000
       3019805.00000
       3019881.00000
       3019861.00000
       3019824.00000
       3019856.00000
       3019877.00000
       3019820.00000
       3019784.00000
       3019841.00000
       3019830.00000
       3019945.00000
       3019769.00000
       3019747.00000
       3019932.00000
       3019838.00000
       3019815.00000
       3019927.00000
       3019819.00000
       3019797.00000
       3019855.00000
       3019864.00000
       3019736.00000
       3019901.00000
       3019837.00000
       3019801.00000
       3019856.00000
       3019851.00000
       3019780.00000
       3019891.00000
       3019787.00000
       3019817.00000
       3019862.00000
       3019866.00000
       3019790.00000
       3019911.00000
       3019838.00000
       3019824.00000
       3019779.00000
       3019962.00000
       3019804.00000
       3019895.00000
       3019855.00000
       3019795.00000
       3019838.00000
       3019798.00000
       3019793.00000
       3019939.00000
       3019826.00000
       3019849.00000
       3019942.00000
       3019903.00000
       3019783.00000
       3019874.00000
       3019928.00000
       3019910.00000
       3019913.00000
       3019901.00000
       3019797.00000
       3019954.00000
       3019843.00000
task 0 on core 1 executes 10000 times, exec_avg1:        3019847.00000
task 2 access time:
       2994063.00000
       2994089.00000
       2994062.00000
       2994065.00000
       2994078.00000
       2994083.00000
       2994037.00000
       2994067.00000
       2994095.00000
       2994084.00000
       2994073.00000
       2994046.00000
       2994073.00000
       2994079.00000
       2994067.00000
       2994057.00000
       2994075.00000
       2994067.00000
       2994045.00000
       2994068.00000
       2994067.00000
       2994098.00000
       2994048.00000
       2994094.00000
       2994081.00000
       2994057.00000
       2994065.00000
       2994068.00000
       2994056.00000
       2994091.00000
       2994077.00000
       2994074.00000
       2994071.00000
       2994077.00000
       2994088.00000
       2994070.00000
       2994081.00000
       2994077.00000
       2994069.00000
       2994095.00000
       2994088.00000
       2994048.00000
       2994068.00000
       2994071.00000
       2994081.00000
       2994057.00000
       2994074.00000
       2994069.00000
       2994069.00000
       2994064.00000
       2994076.00000
       2994070.00000
       2994079.00000
       2994076.00000
       2994073.00000
       2994074.00000
       2994062.00000
       2994053.00000
       2994085.00000
       2994087.00000
       2994068.00000
       2994070.00000
       2994056.00000
       2994075.00000
       2994081.00000
       2994084.00000
       2994082.00000
       2994071.00000
       2994079.00000
       2994071.00000
       2994066.00000
       2994080.00000
       2994098.00000
       2994072.00000
       2994091.00000
       2994042.00000
       2994061.00000
       2994089.00000
       2994065.00000
       2994089.00000
       2994072.00000
       2994072.00000
       2994061.00000
       2994069.00000
       2994074.00000
       2994076.00000
       2994064.00000
       2994073.00000
       2994068.00000
       2994085.00000
       2994080.00000
       2994083.00000
       2994073.00000
       2994070.00000
       2994071.00000
       2994066.00000
       2994078.00000
       2994069.00000
       2994075.00000
       2994104.00000
task 1 on core 2 executes 10000 times, exec_avg1:        2994073.00000
task 3 access time:
       7984079.00000
       7984065.00000
       7984063.00000
       7984062.00000
       7984066.00000
       7984052.00000
       7984073.00000
       7984068.00000
       7984078.00000
       7984065.00000
       7984073.00000
       7984083.00000
       7984068.00000
       7984052.00000
       7984064.00000
       7984070.00000
       7984050.00000
       7984062.00000
       7984050.00000
       7984064.00000
       7984089.00000
       7984079.00000
       7984079.00000
       7984063.00000
       7984071.00000
       7984081.00000
       7984059.00000
       7984052.00000
       7984059.00000
       7984063.00000
       7984086.00000
       7984086.00000
       7984082.00000
       7984083.00000
       7984055.00000
       7984066.00000
       7984058.00000
       7984054.00000
       7984071.00000
       7984068.00000
       7984049.00000
       7984076.00000
       7984069.00000
       7984059.00000
       7984059.00000
       7984050.00000
       7984087.00000
       7984050.00000
       7984052.00000
       7984062.00000
       7984078.00000
       7984086.00000
       7984075.00000
       7984059.00000
       7984068.00000
       7984071.00000
       7984071.00000
       7984074.00000
       7984057.00000
       7984065.00000
       7984099.00000
       7984074.00000
       7984070.00000
       7984058.00000
       7984070.00000
       7984068.00000
       7984063.00000
       7984080.00000
       7984089.00000
       7984081.00000
       7984064.00000
       7984084.00000
       7984069.00000
       7984069.00000
       7984069.00000
       7984060.00000
       7984061.00000
       7984062.00000
       7984095.00000
       7984067.00000
       7984068.00000
       7984068.00000
       7984033.00000
       7984065.00000
       7984080.00000
       7984046.00000
       7984085.00000
       7984063.00000
       7984054.00000
       7984070.00000
       7984069.00000
       7984077.00000
       7984075.00000
       7984049.00000
       7984068.00000
       7984082.00000
       7984085.00000
       7984062.00000
       7984080.00000
       7984058.00000
task 2 on core 1 executes 10000 times, exec_avg1:        7984068.00000
