task 1 access time:
       2994084.00000
       2994143.00000
       2994053.00000
       2994155.00000
       2994012.00000
       2994114.00000
       2994084.00000
       2994074.00000
       2994041.00000
       2994103.00000
       2994015.00000
       2993996.00000
       2994011.00000
       2993996.00000
       2994011.00000
       2993995.00000
       2994003.00000
       2994014.00000
       2994003.00000
       2994013.00000
       2994025.00000
       2994013.00000
       2994018.00000
       2993997.00000
       2994013.00000
       2994006.00000
       2994020.00000
       2994036.00000
       2993994.00000
       2994010.00000
       2994032.00000
       2993991.00000
       2994020.00000
       2994022.00000
       2993998.00000
       2994005.00000
       2994025.00000
       2994016.00000
       2994051.00000
       2994041.00000
       2994027.00000
       2994018.00000
       2994036.00000
       2994006.00000
       2993994.00000
       2994028.00000
       2994012.00000
       2994045.00000
       2994023.00000
       2994008.00000
       2994020.00000
       2994006.00000
       2994011.00000
       2994004.00000
       2994005.00000
       2993992.00000
       2994007.00000
       2994023.00000
       2994025.00000
       2994018.00000
       2993998.00000
       2994035.00000
       2994019.00000
       2994002.00000
       2994032.00000
       2994146.00000
       2994026.00000
       2994004.00000
       2994016.00000
       2994022.00000
       2994011.00000
       2994003.00000
       2994009.00000
       2994000.00000
       2994011.00000
       2993995.00000
       2993984.00000
       2994020.00000
       2994012.00000
       2994040.00000
       2994016.00000
       2994026.00000
       2993991.00000
       2993998.00000
       2994022.00000
       2994012.00000
       2994007.00000
       2994028.00000
       2994031.00000
       2994016.00000
       2994028.00000
       2994041.00000
       2994036.00000
       2994014.00000
       2994036.00000
       2994004.00000
       2994022.00000
       2994018.00000
       2993983.00000
       2994042.00000
task 0 on core 1 executes 10000 times, exec_avg1:        2994023.00000
