task 1 access time:
      10979284.00000
      10979323.00000
      10979287.00000
      10979283.00000
      10979312.00000
      10979274.00000
      10979275.00000
      10979273.00000
      10979270.00000
      10979249.00000
      10979285.00000
      10979285.00000
      10979298.00000
      10979288.00000
      10979297.00000
      10979271.00000
      10979259.00000
      10979321.00000
      10979307.00000
      10979305.00000
      10979249.00000
      10979289.00000
      10979268.00000
      10979283.00000
      10979303.00000
      10979298.00000
      10979332.00000
      10979291.00000
      10979295.00000
      10979293.00000
      10979288.00000
      10979272.00000
      10979280.00000
      10979285.00000
      10979308.00000
      10979257.00000
      10979259.00000
      10979301.00000
      10979312.00000
      10979295.00000
      10979269.00000
      10979332.00000
      10979280.00000
      10979277.00000
      10979278.00000
      10979262.00000
      10979306.00000
      10979266.00000
      10979291.00000
      10979275.00000
      10979268.00000
      10979270.00000
      10979275.00000
      10979278.00000
      10979299.00000
      10979276.00000
      10979308.00000
      10979301.00000
      10979292.00000
      10979283.00000
      10979276.00000
      10979269.00000
      10979262.00000
      10979264.00000
      10979280.00000
      10979297.00000
      10979277.00000
      10979280.00000
      10979288.00000
      10979273.00000
      10979283.00000
      10979298.00000
      10979260.00000
      10979307.00000
      10979273.00000
      10979296.00000
      10979266.00000
      10979260.00000
      10979255.00000
      10979311.00000
      10979276.00000
      10979243.00000
      10979293.00000
      10979275.00000
      10979292.00000
      10979268.00000
      10979279.00000
      10979285.00000
      10979269.00000
      10979261.00000
      10979317.00000
      10979279.00000
      10979261.00000
      10979259.00000
      10979273.00000
      10979308.00000
      10979285.00000
      10979269.00000
      10979241.00000
      10979247.00000
task 0 on core 1 executes 10000 times, exec_avg1:       10979282.00000
task 2 access time:
       2994073.00000
       2994061.00000
       2994059.00000
       2994069.00000
       2994044.00000
       2994038.00000
       2994038.00000
       2994066.00000
       2994050.00000
       2994052.00000
       2994064.00000
       2994065.00000
       2994053.00000
       2994048.00000
       2994052.00000
       2994057.00000
       2994045.00000
       2994072.00000
       2994055.00000
       2994059.00000
       2994053.00000
       2994062.00000
       2994067.00000
       2994069.00000
       2994067.00000
       2994060.00000
       2994060.00000
       2994053.00000
       2994054.00000
       2994026.00000
       2994046.00000
       2994078.00000
       2994045.00000
       2994053.00000
       2994074.00000
       2994055.00000
       2994038.00000
       2994057.00000
       2994060.00000
       2994069.00000
       2994057.00000
       2994080.00000
       2994073.00000
       2994062.00000
       2994052.00000
       2994069.00000
       2994065.00000
       2994054.00000
       2994033.00000
       2994045.00000
       2994055.00000
       2994028.00000
       2994051.00000
       2994038.00000
       2994052.00000
       2994063.00000
       2994035.00000
       2994039.00000
       2994054.00000
       2994067.00000
       2994039.00000
       2994062.00000
       2994051.00000
       2994058.00000
       2994048.00000
       2994055.00000
       2994039.00000
       2994067.00000
       2994068.00000
       2994044.00000
       2994030.00000
       2994061.00000
       2994060.00000
       2994066.00000
       2994066.00000
       2994066.00000
       2994056.00000
       2994074.00000
       2994061.00000
       2994074.00000
       2994043.00000
       2994059.00000
       2994073.00000
       2994043.00000
       2994047.00000
       2994049.00000
       2994071.00000
       2994073.00000
       2994050.00000
       2994077.00000
       2994051.00000
       2994070.00000
       2994047.00000
       2994052.00000
       2994043.00000
       2994036.00000
       2994059.00000
       2994047.00000
       2994043.00000
       2994059.00000
task 1 on core 2 executes 10000 times, exec_avg1:        2994056.00000
task 3 access time:
       7984017.00000
       7984053.00000
       7984028.00000
       7984029.00000
       7984031.00000
       7984029.00000
       7984034.00000
       7984011.00000
       7984017.00000
       7984031.00000
       7984029.00000
       7984019.00000
       7984026.00000
       7984020.00000
       7984017.00000
       7984032.00000
       7984026.00000
       7984019.00000
       7984016.00000
       7984039.00000
       7984010.00000
       7984019.00000
       7984024.00000
       7984023.00000
       7984032.00000
       7984027.00000
       7984043.00000
       7984026.00000
       7984024.00000
       7984018.00000
       7984035.00000
       7984026.00000
       7984033.00000
       7984014.00000
       7984029.00000
       7984004.00000
       7983991.00000
       7984024.00000
       7984033.00000
       7984023.00000
       7984008.00000
       7984035.00000
       7984040.00000
       7984022.00000
       7984032.00000
       7984015.00000
       7984041.00000
       7984018.00000
       7984032.00000
       7984026.00000
       7984033.00000
       7984037.00000
       7984033.00000
       7984010.00000
       7984047.00000
       7984013.00000
       7984043.00000
       7984031.00000
       7984029.00000
       7984025.00000
       7984033.00000
       7984027.00000
       7984022.00000
       7984030.00000
       7984025.00000
       7984037.00000
       7984028.00000
       7984023.00000
       7984012.00000
       7983992.00000
       7984019.00000
       7984037.00000
       7984019.00000
       7984037.00000
       7984026.00000
       7984034.00000
       7984032.00000
       7984023.00000
       7984020.00000
       7984019.00000
       7984038.00000
       7984010.00000
       7984035.00000
       7984036.00000
       7984021.00000
       7984025.00000
       7984034.00000
       7984037.00000
       7984022.00000
       7984019.00000
       7984043.00000
       7984020.00000
       7984026.00000
       7984032.00000
       7984003.00000
       7984035.00000
       7984033.00000
       7984054.00000
       7984021.00000
       7984038.00000
task 2 on core 1 executes 10000 times, exec_avg1:        7984026.00000
