task 1 access time:
       3012863.00000
       3010787.00000
       3011675.00000
       3012249.00000
       3011981.00000
       3011158.00000
       3009289.00000
       3009418.00000
       3009854.00000
       3009774.00000
       3009273.00000
       3009254.00000
       3009066.00000
       3009077.00000
       3009204.00000
       3009069.00000
       3009101.00000
       3009115.00000
       3009138.00000
       3009160.00000
       3009088.00000
       3009158.00000
       3009148.00000
       3009129.00000
       3009064.00000
       3009093.00000
       3009074.00000
       3009087.00000
       3009068.00000
       3009196.00000
       3009088.00000
       3009023.00000
       3009134.00000
       3009100.00000
       3009178.00000
       3009040.00000
       3009148.00000
       3009170.00000
       3009105.00000
       3010181.00000
       3009154.00000
       3009082.00000
       3009035.00000
       3009130.00000
       3009101.00000
       3009128.00000
       3009120.00000
       3009092.00000
       3009052.00000
       3009055.00000
       3009108.00000
       3009130.00000
       3009147.00000
       3009128.00000
       3009141.00000
       3009084.00000
       3009232.00000
       3009114.00000
       3009145.00000
       3009101.00000
       3009095.00000
       3009081.00000
       3009083.00000
       3009078.00000
       3009071.00000
       3009102.00000
       3009112.00000
       3009077.00000
       3009088.00000
       3009149.00000
       3009081.00000
       3009023.00000
       3009091.00000
       3009046.00000
       3009027.00000
       3009042.00000
       3009566.00000
       3009139.00000
       3009003.00000
       3009176.00000
       3009078.00000
       3009084.00000
       3009048.00000
       3009055.00000
       3009094.00000
       3009069.00000
       3009100.00000
       3009079.00000
       3009079.00000
       3009129.00000
       3009042.00000
       3009069.00000
       3009045.00000
       3009109.00000
       3009070.00000
       3009040.00000
       3009072.00000
       3009120.00000
       3009121.00000
       3009041.00000
task 0 on core 1 executes 10000 times, exec_avg1:        3009297.00000
task 2 access time:
       2994115.00000
       2994071.00000
       2994006.00000
       2994025.00000
       2994084.00000
       2994022.00000
       2994119.00000
       2994034.00000
       2994062.00000
       2994060.00000
       2994060.00000
       2994059.00000
       2994074.00000
       2994052.00000
       2994051.00000
       2994069.00000
       2994059.00000
       2994066.00000
       2994054.00000
       2994055.00000
       2994071.00000
       2994059.00000
       2994071.00000
       2994070.00000
       2994057.00000
       2994080.00000
       2994119.00000
       2994051.00000
       2994055.00000
       2994062.00000
       2994067.00000
       2994053.00000
       2994070.00000
       2994077.00000
       2994070.00000
       2994056.00000
       2994054.00000
       2994033.00000
       2994069.00000
       2994050.00000
       2994053.00000
       2994069.00000
       2994049.00000
       2994065.00000
       2994050.00000
       2994077.00000
       2994079.00000
       2994071.00000
       2994047.00000
       2994108.00000
       2994043.00000
       2994062.00000
       2994056.00000
       2994077.00000
       2994075.00000
       2994070.00000
       2994063.00000
       2994077.00000
       2994059.00000
       2994043.00000
       2994067.00000
       2994058.00000
       2994064.00000
       2994048.00000
       2994058.00000
       2994087.00000
       2994039.00000
       2994074.00000
       2994067.00000
       2994061.00000
       2994056.00000
       2994135.00000
       2994062.00000
       2994053.00000
       2994115.00000
       2994067.00000
       2994050.00000
       2994059.00000
       2994059.00000
       2994041.00000
       2994059.00000
       2994046.00000
       2994049.00000
       2994031.00000
       2994066.00000
       2994058.00000
       2994058.00000
       2994058.00000
       2994068.00000
       2994055.00000
       2994073.00000
       2994065.00000
       2994070.00000
       2994047.00000
       2994141.00000
       2994059.00000
       2994115.00000
       2994045.00000
       2994058.00000
       2994052.00000
task 1 on core 2 executes 10000 times, exec_avg1:        2994064.00000
task 3 access time:
       7984180.00000
       7984215.00000
       7984177.00000
       7984200.00000
       7984225.00000
       7984168.00000
       7984162.00000
       7984126.00000
       7984117.00000
       7984117.00000
       7984121.00000
       7984110.00000
       7984113.00000
       7984117.00000
       7984113.00000
       7984110.00000
       7984129.00000
       7984111.00000
       7984113.00000
       7984088.00000
       7984124.00000
       7984158.00000
       7984123.00000
       7984113.00000
       7984166.00000
       7984110.00000
       7984194.00000
       7984142.00000
       7984099.00000
       7984186.00000
       7984124.00000
       7984120.00000
       7984098.00000
       7984104.00000
       7984125.00000
       7984098.00000
       7984121.00000
       7984120.00000
       7984121.00000
       7984118.00000
       7984116.00000
       7984113.00000
       7984123.00000
       7984096.00000
       7984187.00000
       7984106.00000
       7984182.00000
       7984116.00000
       7984104.00000
       7984162.00000
       7984133.00000
       7984169.00000
       7984124.00000
       7984081.00000
       7984176.00000
       7984103.00000
       7984119.00000
       7984109.00000
       7984109.00000
       7984124.00000
       7984123.00000
       7984125.00000
       7984123.00000
       7984115.00000
       7984125.00000
       7984124.00000
       7984170.00000
       7984109.00000
       7984112.00000
       7984187.00000
       7984114.00000
       7984178.00000
       7984122.00000
       7984109.00000
       7984184.00000
       7984101.00000
       7984174.00000
       7984129.00000
       7984109.00000
       7984129.00000
       7984104.00000
       7984125.00000
       7984134.00000
       7984106.00000
       7984106.00000
       7984121.00000
       7984103.00000
       7984108.00000
       7984109.00000
       7984187.00000
       7984127.00000
       7984191.00000
       7984108.00000
       7984127.00000
       7984171.00000
       7984118.00000
       7984170.00000
       7984109.00000
       7984124.00000
       7984170.00000
task 2 on core 1 executes 10000 times, exec_avg1:        7984132.00000
