task 1 access time:
       2996396.00000
       2996449.00000
       2996982.00000
       2996631.00000
       2996381.00000
       2996716.00000
       2996410.00000
       2996389.00000
       2996395.00000
       2996374.00000
       2996371.00000
       2996364.00000
       2996377.00000
       2996392.00000
       2996356.00000
       2996378.00000
       2996359.00000
       2996364.00000
       2996423.00000
       2996416.00000
       2996388.00000
       2996394.00000
       2996382.00000
       2996379.00000
       2996389.00000
       2996390.00000
       2996405.00000
       2996394.00000
       2996363.00000
       2996381.00000
       2996364.00000
       2996368.00000
       2996369.00000
       2996402.00000
       2996372.00000
       2996386.00000
       2996365.00000
       2996348.00000
       2996383.00000
       2996353.00000
       2996403.00000
       2996359.00000
       2996385.00000
       2996347.00000
       2996381.00000
       2996395.00000
       2996378.00000
       2996354.00000
       2996350.00000
       2996393.00000
       2996363.00000
       2996394.00000
       2996349.00000
       2996364.00000
       2996383.00000
       2996356.00000
       2996391.00000
       2996390.00000
       2996649.00000
       2996394.00000
       2996358.00000
       2996353.00000
       2996365.00000
       2996411.00000
       2996394.00000
       2996389.00000
       2996382.00000
       2996362.00000
       2996383.00000
       2996396.00000
       2996390.00000
       2996375.00000
       2996365.00000
       2996342.00000
       2996362.00000
       2996380.00000
       2996361.00000
       2996355.00000
       2996362.00000
       2996395.00000
       2996385.00000
       2996385.00000
       2996372.00000
       2996412.00000
       2996385.00000
       2996338.00000
       2996406.00000
       2996390.00000
       2996383.00000
       2996370.00000
       2996357.00000
       2996371.00000
       2996361.00000
       2996346.00000
       2996379.00000
       2996357.00000
       2996394.00000
       2996368.00000
       2996382.00000
       2996366.00000
task 0 on core 1 executes 10000 times, exec_avg1:        2996393.00000
task 2 access time:
       2994085.00000
       2994077.00000
       2994054.00000
       2994074.00000
       2994060.00000
       2994065.00000
       2994065.00000
       2994058.00000
       2994053.00000
       2994062.00000
       2994062.00000
       2994056.00000
       2994074.00000
       2994044.00000
       2994072.00000
       2994045.00000
       2994072.00000
       2994063.00000
       2994081.00000
       2994068.00000
       2994074.00000
       2994046.00000
       2994072.00000
       2994053.00000
       2994072.00000
       2994086.00000
       2994078.00000
       2994054.00000
       2994066.00000
       2994048.00000
       2994079.00000
       2994068.00000
       2994060.00000
       2994072.00000
       2994056.00000
       2994033.00000
       2994058.00000
       2994059.00000
       2994064.00000
       2994077.00000
       2994054.00000
       2994072.00000
       2994078.00000
       2994042.00000
       2994077.00000
       2994059.00000
       2994048.00000
       2994039.00000
       2994073.00000
       2994059.00000
       2994067.00000
       2994048.00000
       2994073.00000
       2994039.00000
       2994065.00000
       2994075.00000
       2994065.00000
       2994078.00000
       2994048.00000
       2994076.00000
       2994064.00000
       2994058.00000
       2994071.00000
       2994065.00000
       2994074.00000
       2994069.00000
       2994092.00000
       2994070.00000
       2994061.00000
       2994076.00000
       2994048.00000
       2994066.00000
       2994053.00000
       2994056.00000
       2994055.00000
       2994044.00000
       2994033.00000
       2994064.00000
       2994072.00000
       2994068.00000
       2994068.00000
       2994068.00000
       2994072.00000
       2994080.00000
       2994054.00000
       2994047.00000
       2994053.00000
       2994061.00000
       2994063.00000
       2994077.00000
       2994089.00000
       2994089.00000
       2994060.00000
       2994060.00000
       2994060.00000
       2994063.00000
       2994065.00000
       2994055.00000
       2994069.00000
       2994073.00000
task 1 on core 2 executes 10000 times, exec_avg1:        2994064.00000
task 3 access time:
       7984053.00000
       7984084.00000
       7984096.00000
       7984057.00000
       7984053.00000
       7984084.00000
       7984045.00000
       7984036.00000
       7984048.00000
       7984038.00000
       7984031.00000
       7984025.00000
       7984037.00000
       7984045.00000
       7984042.00000
       7984056.00000
       7984041.00000
       7984051.00000
       7984034.00000
       7984051.00000
       7984040.00000
       7984035.00000
       7984044.00000
       7984047.00000
       7984043.00000
       7984030.00000
       7984024.00000
       7984046.00000
       7984037.00000
       7984056.00000
       7984025.00000
       7984039.00000
       7984038.00000
       7984049.00000
       7984039.00000
       7984023.00000
       7984031.00000
       7984044.00000
       7984035.00000
       7984031.00000
       7984052.00000
       7984041.00000
       7984040.00000
       7984024.00000
       7984036.00000
       7984047.00000
       7984032.00000
       7984041.00000
       7984060.00000
       7984032.00000
       7984038.00000
       7984040.00000
       7984047.00000
       7984038.00000
       7984050.00000
       7984030.00000
       7984041.00000
       7984055.00000
       7984071.00000
       7984026.00000
       7984020.00000
       7984013.00000
       7984024.00000
       7984059.00000
       7984034.00000
       7984051.00000
       7984046.00000
       7984054.00000
       7984027.00000
       7984050.00000
       7984042.00000
       7984034.00000
       7984049.00000
       7984054.00000
       7984031.00000
       7984029.00000
       7984028.00000
       7984034.00000
       7984056.00000
       7984028.00000
       7984051.00000
       7984040.00000
       7984033.00000
       7984029.00000
       7984027.00000
       7984041.00000
       7984034.00000
       7984037.00000
       7984038.00000
       7984026.00000
       7984050.00000
       7984053.00000
       7984044.00000
       7984038.00000
       7984035.00000
       7984062.00000
       7984026.00000
       7984040.00000
       7984038.00000
       7984038.00000
task 2 on core 1 executes 10000 times, exec_avg1:        7984041.00000
