task 1 access time:
       2998581.00000
       2998599.00000
       2998834.00000
       2998553.00000
       2998858.00000
       2998986.00000
       2998513.00000
       2998512.00000
       2998533.00000
       2998501.00000
       2998454.00000
       2998505.00000
       2998488.00000
       2998514.00000
       2998505.00000
       2998493.00000
       2998492.00000
       2998490.00000
       2998488.00000
       2998495.00000
       2998494.00000
       2998499.00000
       2998481.00000
       2998490.00000
       2998477.00000
       2998507.00000
       2998708.00000
       2998474.00000
       2998510.00000
       2998490.00000
       2998482.00000
       2998504.00000
       2998486.00000
       2998479.00000
       2998486.00000
       2998492.00000
       2998473.00000
       2998517.00000
       2998475.00000
       2998483.00000
       2998492.00000
       2998507.00000
       2998492.00000
       2998492.00000
       2998522.00000
       2998515.00000
       2998459.00000
       2998498.00000
       2998535.00000
       2998501.00000
       2998469.00000
       2998496.00000
       2998484.00000
       2998519.00000
       2998463.00000
       2998482.00000
       2998503.00000
       2998499.00000
       2998504.00000
       2998500.00000
       2998499.00000
       2998521.00000
       2998526.00000
       2998519.00000
       2998475.00000
       2998515.00000
       2998537.00000
       2998479.00000
       2999910.00000
       2999938.00000
       3000252.00000
       3000321.00000
       2999034.00000
       2998504.00000
       2998506.00000
       2998511.00000
       2998491.00000
       2998476.00000
       2998494.00000
       2998473.00000
       2998511.00000
       2998510.00000
       2998523.00000
       2998475.00000
       2998495.00000
       2998513.00000
       2998491.00000
       2998505.00000
       2998494.00000
       2998485.00000
       2998481.00000
       2998483.00000
       2998532.00000
       2998490.00000
       2998490.00000
       2998527.00000
       2998513.00000
       2998499.00000
       2998471.00000
       2998521.00000
task 0 on core 1 executes 10000 times, exec_avg1:        2998583.00000
task 2 access time:
       2994056.00000
       2994061.00000
       2994068.00000
       2994110.00000
       2994058.00000
       2994052.00000
       2994080.00000
       2994085.00000
       2994075.00000
       2994084.00000
       2994079.00000
       2994081.00000
       2994082.00000
       2994072.00000
       2994082.00000
       2994052.00000
       2994063.00000
       2994070.00000
       2994073.00000
       2994065.00000
       2994081.00000
       2994069.00000
       2994059.00000
       2994090.00000
       2994052.00000
       2994077.00000
       2994057.00000
       2994056.00000
       2994078.00000
       2994066.00000
       2994070.00000
       2994066.00000
       2994067.00000
       2994086.00000
       2994085.00000
       2994070.00000
       2994053.00000
       2994072.00000
       2994068.00000
       2994077.00000
       2994069.00000
       2994063.00000
       2994061.00000
       2994083.00000
       2994067.00000
       2994074.00000
       2994088.00000
       2994061.00000
       2994047.00000
       2994071.00000
       2994098.00000
       2994085.00000
       2994091.00000
       2994052.00000
       2994085.00000
       2994091.00000
       2994098.00000
       2994094.00000
       2994076.00000
       2994057.00000
       2994086.00000
       2994063.00000
       2994074.00000
       2994068.00000
       2994064.00000
       2994080.00000
       2994085.00000
       2994071.00000
       2994131.00000
       2994163.00000
       2994210.00000
       2994117.00000
       2994092.00000
       2994064.00000
       2994074.00000
       2994062.00000
       2994079.00000
       2994078.00000
       2994073.00000
       2994080.00000
       2994056.00000
       2994062.00000
       2994079.00000
       2994081.00000
       2994065.00000
       2994077.00000
       2994092.00000
       2994084.00000
       2994070.00000
       2994057.00000
       2994080.00000
       2994058.00000
       2994066.00000
       2994069.00000
       2994067.00000
       2994077.00000
       2994076.00000
       2994078.00000
       2994086.00000
       2994079.00000
task 1 on core 2 executes 10000 times, exec_avg1:        2994076.00000
task 3 access time:
       7984054.00000
       7984047.00000
       7984064.00000
       7984043.00000
       7984068.00000
       7984058.00000
       7984038.00000
       7984044.00000
       7984047.00000
       7984034.00000
       7984039.00000
       7984039.00000
       7984055.00000
       7984046.00000
       7984037.00000
       7984025.00000
       7984022.00000
       7984028.00000
       7984050.00000
       7984062.00000
       7984038.00000
       7984025.00000
       7984045.00000
       7984030.00000
       7984064.00000
       7984032.00000
       7984079.00000
       7984048.00000
       7984035.00000
       7984044.00000
       7984049.00000
       7984037.00000
       7984023.00000
       7984049.00000
       7984051.00000
       7984023.00000
       7984053.00000
       7984033.00000
       7984041.00000
       7984040.00000
       7984055.00000
       7984030.00000
       7984024.00000
       7984033.00000
       7984049.00000
       7984033.00000
       7984030.00000
       7984025.00000
       7984050.00000
       7984041.00000
       7984036.00000
       7984041.00000
       7984029.00000
       7984044.00000
       7984023.00000
       7984044.00000
       7984043.00000
       7984034.00000
       7984015.00000
       7984040.00000
       7984040.00000
       7984035.00000
       7984018.00000
       7984036.00000
       7984040.00000
       7984016.00000
       7984036.00000
       7984021.00000
       7984212.00000
       7984292.00000
       7984275.00000
       7984239.00000
       7984146.00000
       7984031.00000
       7984036.00000
       7984036.00000
       7984034.00000
       7984021.00000
       7984012.00000
       7984028.00000
       7984039.00000
       7984050.00000
       7984043.00000
       7984026.00000
       7984031.00000
       7984025.00000
       7984035.00000
       7984013.00000
       7984040.00000
       7984029.00000
       7984042.00000
       7984026.00000
       7984046.00000
       7984037.00000
       7984029.00000
       7984019.00000
       7984033.00000
       7984042.00000
       7984033.00000
       7984045.00000
task 2 on core 1 executes 10000 times, exec_avg1:        7984047.00000
