task 1 access time:
       3018770.00000
       3018890.00000
       3018348.00000
       3018363.00000
       3018429.00000
       3018598.00000
       3018285.00000
       3018362.00000
       3018284.00000
       3018279.00000
       3018306.00000
       3018300.00000
       3018307.00000
       3018284.00000
       3018291.00000
       3018277.00000
       3018307.00000
       3018232.00000
       3018317.00000
       3018281.00000
       3018302.00000
       3018280.00000
       3018277.00000
       3018271.00000
       3018289.00000
       3018274.00000
       3018284.00000
       3018276.00000
       3018263.00000
       3018283.00000
       3018325.00000
       3018265.00000
       3018280.00000
       3018274.00000
       3018304.00000
       3018263.00000
       3018274.00000
       3018342.00000
       3018288.00000
       3018287.00000
       3018330.00000
       3018283.00000
       3018288.00000
       3018306.00000
       3018276.00000
       3018261.00000
       3018266.00000
       3018307.00000
       3018303.00000
       3018291.00000
       3018286.00000
       3018290.00000
       3018300.00000
       3018267.00000
       3018265.00000
       3018313.00000
       3018258.00000
       3018316.00000
       3018270.00000
       3018270.00000
       3018252.00000
       3018284.00000
       3018286.00000
       3018239.00000
       3018278.00000
       3018254.00000
       3018295.00000
       3018319.00000
       3018314.00000
       3018281.00000
       3018293.00000
       3018263.00000
       3018304.00000
       3018269.00000
       3018292.00000
       3018295.00000
       3018250.00000
       3018315.00000
       3018308.00000
       3018324.00000
       3018299.00000
       3018299.00000
       3018272.00000
       3018286.00000
       3018298.00000
       3018261.00000
       3018295.00000
       3018673.00000
       3018302.00000
       3018283.00000
       3018259.00000
       3018294.00000
       3018298.00000
       3018287.00000
       3018301.00000
       3018292.00000
       3018279.00000
       3018285.00000
       3018250.00000
       3018273.00000
task 0 on core 1 executes 10000 times, exec_avg1:        3018308.00000
task 2 access time:
       2994092.00000
       2994074.00000
       2994086.00000
       2994087.00000
       2994073.00000
       2994067.00000
       2994076.00000
       2994062.00000
       2994059.00000
       2994077.00000
       2994088.00000
       2994095.00000
       2994084.00000
       2994064.00000
       2994091.00000
       2994082.00000
       2994085.00000
       2994074.00000
       2994061.00000
       2994086.00000
       2994057.00000
       2994075.00000
       2994072.00000
       2994076.00000
       2994061.00000
       2994081.00000
       2994086.00000
       2994071.00000
       2994069.00000
       2994061.00000
       2994062.00000
       2994066.00000
       2994080.00000
       2994097.00000
       2994071.00000
       2994077.00000
       2994083.00000
       2994063.00000
       2994084.00000
       2994076.00000
       2994079.00000
       2994061.00000
       2994064.00000
       2994088.00000
       2994084.00000
       2994077.00000
       2994076.00000
       2994053.00000
       2994101.00000
       2994055.00000
       2994079.00000
       2994075.00000
       2994056.00000
       2994082.00000
       2994078.00000
       2994073.00000
       2994075.00000
       2994079.00000
       2994065.00000
       2994084.00000
       2994087.00000
       2994091.00000
       2994093.00000
       2994075.00000
       2994080.00000
       2994088.00000
       2994088.00000
       2994071.00000
       2994091.00000
       2994062.00000
       2994078.00000
       2994086.00000
       2994077.00000
       2994076.00000
       2994095.00000
       2994066.00000
       2994075.00000
       2994080.00000
       2994113.00000
       2994067.00000
       2994061.00000
       2994089.00000
       2994072.00000
       2994081.00000
       2994066.00000
       2994083.00000
       2994073.00000
       2994083.00000
       2994062.00000
       2994053.00000
       2994071.00000
       2994091.00000
       2994079.00000
       2994079.00000
       2994073.00000
       2994092.00000
       2994093.00000
       2994083.00000
       2994092.00000
       2994079.00000
task 1 on core 2 executes 10000 times, exec_avg1:        2994077.00000
task 3 access time:
       7984091.00000
       7984030.00000
       7984044.00000
       7984048.00000
       7984054.00000
       7984060.00000
       7984034.00000
       7984050.00000
       7984035.00000
       7984029.00000
       7984037.00000
       7984023.00000
       7984038.00000
       7984042.00000
       7984044.00000
       7984060.00000
       7984052.00000
       7984033.00000
       7984037.00000
       7984037.00000
       7984042.00000
       7984029.00000
       7984050.00000
       7984015.00000
       7984058.00000
       7984039.00000
       7984039.00000
       7984029.00000
       7984022.00000
       7984017.00000
       7984035.00000
       7984041.00000
       7984025.00000
       7984041.00000
       7984026.00000
       7984038.00000
       7984037.00000
       7984020.00000
       7984028.00000
       7984040.00000
       7984042.00000
       7984046.00000
       7984041.00000
       7984037.00000
       7984040.00000
       7984041.00000
       7984033.00000
       7984036.00000
       7984048.00000
       7984042.00000
       7984041.00000
       7984040.00000
       7984044.00000
       7984021.00000
       7984021.00000
       7984041.00000
       7984029.00000
       7984041.00000
       7984048.00000
       7984033.00000
       7984026.00000
       7984048.00000
       7984046.00000
       7984031.00000
       7984040.00000
       7984041.00000
       7984047.00000
       7984047.00000
       7984038.00000
       7984038.00000
       7984045.00000
       7984045.00000
       7984021.00000
       7984037.00000
       7984037.00000
       7984049.00000
       7984025.00000
       7984034.00000
       7984032.00000
       7984035.00000
       7984048.00000
       7984023.00000
       7984037.00000
       7984022.00000
       7984035.00000
       7984035.00000
       7984054.00000
       7984027.00000
       7984026.00000
       7984021.00000
       7984037.00000
       7984046.00000
       7984030.00000
       7984030.00000
       7984042.00000
       7984046.00000
       7984046.00000
       7984028.00000
       7984048.00000
       7984039.00000
task 2 on core 1 executes 10000 times, exec_avg1:        7984038.00000
