task 1 access time:
       3001044.00000
       3000996.00000
       3001105.00000
       3000720.00000
       3000719.00000
       3001270.00000
       3000696.00000
       3000664.00000
       3000684.00000
       3000967.00000
       3000699.00000
       3000670.00000
       3000660.00000
       3000722.00000
       3000681.00000
       3000708.00000
       3000655.00000
       3000645.00000
       3000686.00000
       3000666.00000
       3000675.00000
       3000659.00000
       3000666.00000
       3000657.00000
       3000697.00000
       3000662.00000
       3000705.00000
       3000675.00000
       3000694.00000
       3000657.00000
       3000701.00000
       3000704.00000
       3000681.00000
       3000708.00000
       3000659.00000
       3000704.00000
       3000650.00000
       3000688.00000
       3000688.00000
       3000680.00000
       3000680.00000
       3000678.00000
       3000707.00000
       3000675.00000
       3000691.00000
       3000636.00000
       3000680.00000
       3000663.00000
       3000693.00000
       3000908.00000
       3000676.00000
       3000683.00000
       3000670.00000
       3000677.00000
       3000674.00000
       3000657.00000
       3000711.00000
       3000676.00000
       3000697.00000
       3000698.00000
       3000670.00000
       3000683.00000
       3000661.00000
       3000674.00000
       3000653.00000
       3000695.00000
       3000674.00000
       3000680.00000
       3000706.00000
       3000677.00000
       3000677.00000
       3000665.00000
       3000658.00000
       3000670.00000
       3000699.00000
       3000680.00000
       3000680.00000
       3000699.00000
       3000669.00000
       3000700.00000
       3000651.00000
       3000736.00000
       3000694.00000
       3000666.00000
       3000681.00000
       3000678.00000
       3000682.00000
       3000707.00000
       3000700.00000
       3000853.00000
       3000664.00000
       3000669.00000
       3000708.00000
       3000683.00000
       3000704.00000
       3000644.00000
       3000696.00000
       3000670.00000
       3000666.00000
       3000675.00000
task 0 on core 1 executes 10000 times, exec_avg1:        3000705.00000
task 2 access time:
       2994072.00000
       2994072.00000
       2994074.00000
       2994078.00000
       2994061.00000
       2994061.00000
       2994053.00000
       2994042.00000
       2994087.00000
       2994066.00000
       2994079.00000
       2994077.00000
       2994058.00000
       2994065.00000
       2994076.00000
       2994069.00000
       2994066.00000
       2994076.00000
       2994068.00000
       2994055.00000
       2994085.00000
       2994074.00000
       2994058.00000
       2994060.00000
       2994067.00000
       2994080.00000
       2994094.00000
       2994084.00000
       2994087.00000
       2994086.00000
       2994062.00000
       2994075.00000
       2994062.00000
       2994080.00000
       2994059.00000
       2994058.00000
       2994056.00000
       2994079.00000
       2994081.00000
       2994068.00000
       2994079.00000
       2994071.00000
       2994076.00000
       2994069.00000
       2994082.00000
       2994055.00000
       2994049.00000
       2994072.00000
       2994086.00000
       2994080.00000
       2994067.00000
       2994080.00000
       2994071.00000
       2994079.00000
       2994089.00000
       2994075.00000
       2994066.00000
       2994051.00000
       2994069.00000
       2994086.00000
       2994050.00000
       2994078.00000
       2994077.00000
       2994056.00000
       2994074.00000
       2994076.00000
       2994079.00000
       2994065.00000
       2994057.00000
       2994088.00000
       2994071.00000
       2994082.00000
       2994064.00000
       2994045.00000
       2994061.00000
       2994066.00000
       2994062.00000
       2994079.00000
       2994092.00000
       2994077.00000
       2994067.00000
       2994071.00000
       2994062.00000
       2994064.00000
       2994071.00000
       2994078.00000
       2994077.00000
       2994065.00000
       2994051.00000
       2994050.00000
       2994069.00000
       2994063.00000
       2994076.00000
       2994068.00000
       2994083.00000
       2994079.00000
       2994086.00000
       2994061.00000
       2994077.00000
       2994069.00000
task 1 on core 2 executes 10000 times, exec_avg1:        2994070.00000
task 3 access time:
       7984042.00000
       7984080.00000
       7984050.00000
       7984080.00000
       7984035.00000
       7984038.00000
       7984025.00000
       7984038.00000
       7984045.00000
       7984047.00000
       7984032.00000
       7984045.00000
       7984034.00000
       7984035.00000
       7984034.00000
       7984041.00000
       7984047.00000
       7984021.00000
       7984039.00000
       7984044.00000
       7984041.00000
       7984029.00000
       7984012.00000
       7984037.00000
       7984057.00000
       7984038.00000
       7984049.00000
       7984038.00000
       7984027.00000
       7984041.00000
       7984048.00000
       7984033.00000
       7984016.00000
       7984035.00000
       7984055.00000
       7984058.00000
       7984034.00000
       7984034.00000
       7984033.00000
       7984042.00000
       7984038.00000
       7984049.00000
       7984030.00000
       7984024.00000
       7984025.00000
       7984041.00000
       7984049.00000
       7984037.00000
       7984031.00000
       7984077.00000
       7984034.00000
       7984059.00000
       7984040.00000
       7984030.00000
       7984044.00000
       7984043.00000
       7984021.00000
       7984041.00000
       7984044.00000
       7984025.00000
       7984034.00000
       7984056.00000
       7984039.00000
       7984032.00000
       7984058.00000
       7984036.00000
       7984049.00000
       7984054.00000
       7984037.00000
       7984047.00000
       7984020.00000
       7984033.00000
       7984052.00000
       7984041.00000
       7984028.00000
       7984037.00000
       7984063.00000
       7984046.00000
       7984030.00000
       7984053.00000
       7984047.00000
       7984042.00000
       7984014.00000
       7984043.00000
       7984028.00000
       7984023.00000
       7984038.00000
       7984023.00000
       7984052.00000
       7984087.00000
       7984033.00000
       7984040.00000
       7984027.00000
       7984022.00000
       7984038.00000
       7984035.00000
       7984050.00000
       7984031.00000
       7984019.00000
       7984054.00000
task 2 on core 1 executes 10000 times, exec_avg1:        7984040.00000
