task 1 access time:
       3007340.00000
       3007979.00000
       3007611.00000
       3007304.00000
       3007637.00000
       3007714.00000
       3007273.00000
       3007280.00000
       3007288.00000
       3007291.00000
       3007304.00000
       3007296.00000
       3007276.00000
       3007255.00000
       3007278.00000
       3007254.00000
       3007282.00000
       3007295.00000
       3007286.00000
       3007306.00000
       3007298.00000
       3007262.00000
       3007295.00000
       3007274.00000
       3007331.00000
       3007298.00000
       3007254.00000
       3007318.00000
       3007272.00000
       3007276.00000
       3007297.00000
       3007290.00000
       3007258.00000
       3007272.00000
       3007279.00000
       3007300.00000
       3007286.00000
       3007303.00000
       3007248.00000
       3007273.00000
       3007277.00000
       3007251.00000
       3007280.00000
       3007276.00000
       3007309.00000
       3007285.00000
       3007265.00000
       3007291.00000
       3007301.00000
       3007264.00000
       3007277.00000
       3007303.00000
       3007281.00000
       3007305.00000
       3007237.00000
       3007238.00000
       3007365.00000
       3007267.00000
       3007262.00000
       3007277.00000
       3007279.00000
       3007291.00000
       3007233.00000
       3007255.00000
       3007299.00000
       3007215.00000
       3007252.00000
       3007296.00000
       3007251.00000
       3007267.00000
       3007299.00000
       3007289.00000
       3007267.00000
       3007323.00000
       3007290.00000
       3007280.00000
       3007286.00000
       3007284.00000
       3007285.00000
       3007285.00000
       3007270.00000
       3007268.00000
       3007266.00000
       3007287.00000
       3007265.00000
       3007307.00000
       3007264.00000
       3007256.00000
       3007293.00000
       3007283.00000
       3007252.00000
       3007255.00000
       3007291.00000
       3007240.00000
       3007245.00000
       3007285.00000
       3007286.00000
       3007298.00000
       3007296.00000
       3007291.00000
task 0 on core 1 executes 10000 times, exec_avg1:        3007299.00000
task 2 access time:
       2994061.00000
       2994065.00000
       2994076.00000
       2994079.00000
       2994066.00000
       2994088.00000
       2994062.00000
       2994071.00000
       2994036.00000
       2994064.00000
       2994060.00000
       2994069.00000
       2994083.00000
       2994078.00000
       2994061.00000
       2994059.00000
       2994045.00000
       2994064.00000
       2994055.00000
       2994045.00000
       2994105.00000
       2994058.00000
       2994084.00000
       2994063.00000
       2994070.00000
       2994053.00000
       2994069.00000
       2994078.00000
       2994057.00000
       2994073.00000
       2994054.00000
       2994065.00000
       2994075.00000
       2994079.00000
       2994072.00000
       2994066.00000
       2994077.00000
       2994054.00000
       2994074.00000
       2994070.00000
       2994048.00000
       2994075.00000
       2994081.00000
       2994054.00000
       2994064.00000
       2994091.00000
       2994079.00000
       2994063.00000
       2994076.00000
       2994077.00000
       2994051.00000
       2994054.00000
       2994058.00000
       2994096.00000
       2994074.00000
       2994068.00000
       2994073.00000
       2994073.00000
       2994050.00000
       2994055.00000
       2994062.00000
       2994075.00000
       2994083.00000
       2994069.00000
       2994062.00000
       2994065.00000
       2994068.00000
       2994079.00000
       2994073.00000
       2994076.00000
       2994084.00000
       2994071.00000
       2994057.00000
       2994049.00000
       2994063.00000
       2994058.00000
       2994051.00000
       2994047.00000
       2994056.00000
       2994060.00000
       2994047.00000
       2994067.00000
       2994062.00000
       2994081.00000
       2994058.00000
       2994070.00000
       2994054.00000
       2994080.00000
       2994085.00000
       2994077.00000
       2994073.00000
       2994086.00000
       2994072.00000
       2994077.00000
       2994073.00000
       2994065.00000
       2994058.00000
       2994060.00000
       2994070.00000
       2994053.00000
task 1 on core 2 executes 10000 times, exec_avg1:        2994067.00000
task 3 access time:
       7984052.00000
       7984085.00000
       7984066.00000
       7984041.00000
       7984045.00000
       7984072.00000
       7984024.00000
       7984053.00000
       7984019.00000
       7984041.00000
       7984059.00000
       7984041.00000
       7984058.00000
       7984026.00000
       7984028.00000
       7984023.00000
       7984064.00000
       7984018.00000
       7984037.00000
       7984051.00000
       7984044.00000
       7984016.00000
       7984003.00000
       7984011.00000
       7984027.00000
       7984016.00000
       7984037.00000
       7984032.00000
       7984027.00000
       7984032.00000
       7984035.00000
       7984036.00000
       7984035.00000
       7984037.00000
       7984032.00000
       7984036.00000
       7984058.00000
       7984034.00000
       7984033.00000
       7984032.00000
       7984035.00000
       7984034.00000
       7984030.00000
       7984038.00000
       7984033.00000
       7984039.00000
       7984036.00000
       7984040.00000
       7984031.00000
       7984029.00000
       7984010.00000
       7984029.00000
       7984022.00000
       7984031.00000
       7984027.00000
       7984040.00000
       7984023.00000
       7984052.00000
       7984046.00000
       7984036.00000
       7984019.00000
       7984035.00000
       7984039.00000
       7984016.00000
       7984028.00000
       7984034.00000
       7984028.00000
       7984012.00000
       7984039.00000
       7984041.00000
       7984036.00000
       7984009.00000
       7984017.00000
       7984044.00000
       7984032.00000
       7984022.00000
       7984025.00000
       7984039.00000
       7984032.00000
       7984035.00000
       7984042.00000
       7984037.00000
       7984029.00000
       7984050.00000
       7984024.00000
       7984041.00000
       7984043.00000
       7984017.00000
       7984013.00000
       7984009.00000
       7984038.00000
       7984029.00000
       7984024.00000
       7984048.00000
       7984038.00000
       7984025.00000
       7984056.00000
       7984035.00000
       7984031.00000
       7984036.00000
task 2 on core 1 executes 10000 times, exec_avg1:        7984034.00000
