task 1 access time:
       2997732.00000
       2997743.00000
       2997717.00000
       2997725.00000
       2997706.00000
       2997738.00000
       2997750.00000
       2997741.00000
       2997713.00000
       2997722.00000
       2997691.00000
       2997708.00000
       2997681.00000
       2997692.00000
       2997714.00000
       2997717.00000
       2997709.00000
       2997677.00000
       2997702.00000
       2997679.00000
       2997691.00000
       2997700.00000
       2997697.00000
       2997719.00000
       2997692.00000
       2997684.00000
       2997690.00000
       2997694.00000
       2997698.00000
       2997703.00000
       2997704.00000
       2997688.00000
       2997703.00000
       2997684.00000
       2997676.00000
       2997686.00000
       2997687.00000
       2997681.00000
       2997711.00000
       2997683.00000
       2997703.00000
       2997664.00000
       2997691.00000
       2997702.00000
       2997678.00000
       2997711.00000
       2997708.00000
       2997687.00000
       2997675.00000
       2997696.00000
       2997693.00000
       2997681.00000
       2997701.00000
       2997676.00000
       2997689.00000
       2997722.00000
       2997695.00000
       2997696.00000
       2997717.00000
       2997718.00000
       2997700.00000
       2997735.00000
       2997721.00000
       2997697.00000
       2997698.00000
       2997692.00000
       2997730.00000
       2997706.00000
       2997673.00000
       2997707.00000
       2997707.00000
       2997714.00000
       2997705.00000
       2997715.00000
       2997719.00000
       2997690.00000
       2997689.00000
       2997717.00000
       2997703.00000
       2997741.00000
       2997747.00000
       2997712.00000
       2997696.00000
       2997719.00000
       2997718.00000
       2997703.00000
       2997708.00000
       2997735.00000
       2997676.00000
       2997726.00000
       2997714.00000
       2997710.00000
       2997708.00000
       2997722.00000
       2997726.00000
       2997754.00000
       2997697.00000
       2997701.00000
       2997704.00000
       2997685.00000
task 0 on core 1 executes 10000 times, exec_avg1:        2997705.00000
task 2 access time:
       4994421.00000
       4994397.00000
       4994388.00000
       4994435.00000
       4994367.00000
       4994416.00000
       4994435.00000
       4994429.00000
       4994405.00000
       4994403.00000
       4994378.00000
       4994354.00000
       4994340.00000
       4994362.00000
       4994377.00000
       4994404.00000
       4994394.00000
       4994358.00000
       4994389.00000
       4994374.00000
       4994381.00000
       4994370.00000
       4994392.00000
       4994386.00000
       4994353.00000
       4994350.00000
       4994339.00000
       4994359.00000
       4994386.00000
       4994384.00000
       4994383.00000
       4994386.00000
       4994403.00000
       4994368.00000
       4994347.00000
       4994339.00000
       4994361.00000
       4994318.00000
       4994421.00000
       4994336.00000
       4994358.00000
       4994335.00000
       4994367.00000
       4994382.00000
       4994349.00000
       4994390.00000
       4994411.00000
       4994346.00000
       4994332.00000
       4994363.00000
       4994349.00000
       4994404.00000
       4994369.00000
       4994351.00000
       4994378.00000
       4994389.00000
       4994390.00000
       4994378.00000
       4994375.00000
       4994457.00000
       4994358.00000
       4994382.00000
       4994420.00000
       4994380.00000
       4994373.00000
       4994396.00000
       4994454.00000
       4994375.00000
       4994345.00000
       4994403.00000
       4994426.00000
       4994377.00000
       4994376.00000
       4994402.00000
       4994428.00000
       4994373.00000
       4994355.00000
       4994416.00000
       4994394.00000
       4994419.00000
       4994427.00000
       4994387.00000
       4994347.00000
       4994408.00000
       4994377.00000
       4994400.00000
       4994385.00000
       4994398.00000
       4994343.00000
       4994410.00000
       4994411.00000
       4994402.00000
       4994396.00000
       4994400.00000
       4994423.00000
       4994441.00000
       4994369.00000
       4994382.00000
       4994402.00000
       4994363.00000
task 1 on core 2 executes 10000 times, exec_avg1:        4994384.00000
task 3 access time:
       7984020.00000
       7984022.00000
       7984046.00000
       7984041.00000
       7984040.00000
       7984020.00000
       7984040.00000
       7984017.00000
       7984038.00000
       7984039.00000
       7984059.00000
       7984045.00000
       7984046.00000
       7984028.00000
       7984025.00000
       7984042.00000
       7984017.00000
       7984041.00000
       7984042.00000
       7984027.00000
       7984029.00000
       7984013.00000
       7984041.00000
       7984045.00000
       7984031.00000
       7984029.00000
       7984031.00000
       7984043.00000
       7984023.00000
       7984014.00000
       7984043.00000
       7984047.00000
       7984035.00000
       7984033.00000
       7984038.00000
       7984027.00000
       7984036.00000
       7984033.00000
       7984039.00000
       7984051.00000
       7984033.00000
       7984029.00000
       7984045.00000
       7984025.00000
       7984030.00000
       7984029.00000
       7984034.00000
       7984029.00000
       7984023.00000
       7984034.00000
       7984025.00000
       7984016.00000
       7984025.00000
       7984016.00000
       7984026.00000
       7984032.00000
       7984035.00000
       7984034.00000
       7984042.00000
       7984028.00000
       7984028.00000
       7984052.00000
       7984029.00000
       7984031.00000
       7984026.00000
       7984037.00000
       7984020.00000
       7984022.00000
       7984035.00000
       7984038.00000
       7984028.00000
       7984039.00000
       7984011.00000
       7984027.00000
       7984032.00000
       7984017.00000
       7983997.00000
       7984040.00000
       7984031.00000
       7984034.00000
       7984046.00000
       7984041.00000
       7984030.00000
       7984033.00000
       7984030.00000
       7984049.00000
       7984031.00000
       7984028.00000
       7984044.00000
       7984034.00000
       7984014.00000
       7984038.00000
       7984039.00000
       7984031.00000
       7984032.00000
       7984023.00000
       7984018.00000
       7984052.00000
       7984024.00000
       7984025.00000
task 2 on core 1 executes 10000 times, exec_avg1:        7984032.00000
