task 1 access time:
       2994125.00000
       2994112.00000
       2994166.00000
       2994143.00000
       2994104.00000
       2994123.00000
       2994124.00000
       2994148.00000
       2994097.00000
       2994139.00000
       2994142.00000
       2994140.00000
       2994147.00000
       2994139.00000
       2994128.00000
       2994100.00000
       2994130.00000
       2994164.00000
       2994133.00000
       2994122.00000
       2994145.00000
       2994161.00000
       2994123.00000
       2994111.00000
       2994119.00000
       2994116.00000
       2994122.00000
       2994129.00000
       2994141.00000
       2994145.00000
       2994142.00000
       2994126.00000
       2994112.00000
       2994140.00000
       2994114.00000
       2994128.00000
       2994142.00000
       2994129.00000
       2994128.00000
       2994139.00000
       2994156.00000
       2994128.00000
       2994109.00000
       2994137.00000
       2994130.00000
       2994133.00000
       2994154.00000
       2994132.00000
       2994114.00000
       2994138.00000
       2994165.00000
       2994139.00000
       2994079.00000
       2994140.00000
       2994157.00000
       2994152.00000
       2994125.00000
       2994150.00000
       2994141.00000
       2994128.00000
       2994117.00000
       2994148.00000
       2994108.00000
       2994148.00000
       2994124.00000
       2994138.00000
       2994152.00000
       2994149.00000
       2994126.00000
       2994137.00000
       2994140.00000
       2994145.00000
       2994136.00000
       2994152.00000
       2994125.00000
       2994122.00000
       2994141.00000
       2994135.00000
       2994148.00000
       2994132.00000
       2994123.00000
       2994118.00000
       2994121.00000
       2994116.00000
       2994158.00000
       2994101.00000
       2994135.00000
       2994139.00000
       2994132.00000
       2994147.00000
       2994134.00000
       2994101.00000
       2994148.00000
       2994150.00000
       2994123.00000
       2994124.00000
       2994117.00000
       2994119.00000
       2994133.00000
       2994150.00000
task 0 on core 1 executes 10000 times, exec_avg1:        2994133.00000
task 2 access time:
       4990083.00000
       4990089.00000
       4990105.00000
       4990062.00000
       4990021.00000
       4990102.00000
       4990076.00000
       4990103.00000
       4990054.00000
       4990104.00000
       4990060.00000
       4990104.00000
       4990100.00000
       4990075.00000
       4990101.00000
       4990059.00000
       4990103.00000
       4990115.00000
       4990092.00000
       4990047.00000
       4990105.00000
       4990116.00000
       4990096.00000
       4990068.00000
       4990073.00000
       4990049.00000
       4990088.00000
       4990073.00000
       4990102.00000
       4990122.00000
       4990102.00000
       4990087.00000
       4990074.00000
       4990073.00000
       4990079.00000
       4990094.00000
       4990132.00000
       4990065.00000
       4990067.00000
       4990063.00000
       4990108.00000
       4990078.00000
       4990045.00000
       4990068.00000
       4990087.00000
       4990088.00000
       4990143.00000
       4990082.00000
       4990045.00000
       4990072.00000
       4990121.00000
       4990089.00000
       4990014.00000
       4990120.00000
       4990095.00000
       4990133.00000
       4990079.00000
       4990081.00000
       4990106.00000
       4990069.00000
       4990077.00000
       4990091.00000
       4990057.00000
       4990087.00000
       4990095.00000
       4990095.00000
       4990066.00000
       4990104.00000
       4990063.00000
       4990088.00000
       4990065.00000
       4990108.00000
       4990097.00000
       4990111.00000
       4990054.00000
       4990081.00000
       4990077.00000
       4990077.00000
       4990096.00000
       4990070.00000
       4990078.00000
       4990076.00000
       4990086.00000
       4990070.00000
       4990098.00000
       4990029.00000
       4990079.00000
       4990094.00000
       4990106.00000
       4990107.00000
       4990106.00000
       4990076.00000
       4990096.00000
       4990116.00000
       4990089.00000
       4990106.00000
       4990039.00000
       4990094.00000
       4990087.00000
       4990086.00000
task 1 on core 2 executes 10000 times, exec_avg1:        4990085.00000
task 3 access time:
       7485443.00000
       7485459.00000
       7485467.00000
       7485454.00000
       7485408.00000
       7485439.00000
       7485419.00000
       7485480.00000
       7485372.00000
       7485466.00000
       7485440.00000
       7485458.00000
       7485481.00000
       7485430.00000
       7485467.00000
       7485434.00000
       7485462.00000
       7485481.00000
       7485403.00000
       7485423.00000
       7485446.00000
       7485475.00000
       7485423.00000
       7485444.00000
       7485421.00000
       7485401.00000
       7485413.00000
       7485432.00000
       7485471.00000
       7485475.00000
       7485442.00000
       7485444.00000
       7485393.00000
       7485438.00000
       7485453.00000
       7485436.00000
       7485480.00000
       7485446.00000
       7485410.00000
       7485433.00000
       7485453.00000
       7485442.00000
       7485411.00000
       7485415.00000
       7485432.00000
       7485454.00000
       7485463.00000
       7485482.00000
       7485457.00000
       7485453.00000
       7485480.00000
       7485436.00000
       7485417.00000
       7485458.00000
       7485475.00000
       7485498.00000
       7485500.00000
       7485453.00000
       7485451.00000
       7485441.00000
       7485485.00000
       7485463.00000
       7485418.00000
       7485442.00000
       7485433.00000
       7485426.00000
       7485431.00000
       7485464.00000
       7485453.00000
       7485487.00000
       7485429.00000
       7485475.00000
       7485428.00000
       7485447.00000
       7485447.00000
       7485400.00000
       7485447.00000
       7485423.00000
       7485457.00000
       7485471.00000
       7485434.00000
       7485387.00000
       7485430.00000
       7485432.00000
       7485471.00000
       7485415.00000
       7485417.00000
       7485462.00000
       7485468.00000
       7485464.00000
       7485460.00000
       7485381.00000
       7485484.00000
       7485478.00000
       7485443.00000
       7485460.00000
       7485397.00000
       7485415.00000
       7485444.00000
       7485444.00000
task 2 on core 3 executes 10000 times, exec_avg1:        7485444.00000
