task 1 access time:
       2994364.00000
       2994606.00000
       2994283.00000
       2994662.00000
       2994333.00000
       2994327.00000
       2994433.00000
       2994558.00000
       2994475.00000
       2994509.00000
       2994165.00000
       2994185.00000
       2994181.00000
       2994222.00000
       2994207.00000
       2994210.00000
       2994190.00000
       2994181.00000
       2994187.00000
       2994212.00000
       2994178.00000
       2994196.00000
       2994195.00000
       2994220.00000
       2994190.00000
       2994196.00000
       2994190.00000
       2994212.00000
       2994198.00000
       2994188.00000
       2994196.00000
       2994210.00000
       2994219.00000
       2994208.00000
       2994212.00000
       2994175.00000
       2994192.00000
       2994193.00000
       2994221.00000
       2994193.00000
       2994170.00000
       2994203.00000
       2994176.00000
       2994210.00000
       2994211.00000
       2994218.00000
       2994192.00000
       2994183.00000
       2994193.00000
       2994205.00000
       2994204.00000
       2994193.00000
       2994195.00000
       2994192.00000
       2994172.00000
       2994199.00000
       2994231.00000
       2994195.00000
       2994185.00000
       2994188.00000
       2994198.00000
       2994181.00000
       2994213.00000
       2994216.00000
       2994192.00000
       2994208.00000
       2994178.00000
       2994215.00000
       2994202.00000
       2994458.00000
       2994408.00000
       2994175.00000
       2994190.00000
       2994214.00000
       2994191.00000
       2994193.00000
       2994197.00000
       2994194.00000
       2994182.00000
       2994223.00000
       2994203.00000
       2994177.00000
       2994177.00000
       2994201.00000
       2994182.00000
       2994193.00000
       2994186.00000
       2994205.00000
       2994182.00000
       2994187.00000
       2994209.00000
       2994196.00000
       2994208.00000
       2994219.00000
       2994177.00000
       2994200.00000
       2994195.00000
       2994163.00000
       2994197.00000
       2994228.00000
task 0 on core 1 executes 10000 times, exec_avg1:        2994227.00000
