task 1 access time:
       3000999.00000
       3000949.00000
       3000885.00000
       3000941.00000
       3000947.00000
       3000897.00000
       3000920.00000
       3000980.00000
       3000962.00000
       3000939.00000
       3000983.00000
       3000989.00000
       3000983.00000
       3000898.00000
       3000973.00000
       3000899.00000
       3000950.00000
       3000902.00000
       3000921.00000
       3000936.00000
       3000950.00000
       3000957.00000
       3000971.00000
       3000944.00000
       3000957.00000
       3000916.00000
       3000913.00000
       3000943.00000
       3000906.00000
       3000974.00000
       3000951.00000
       3000951.00000
       3000934.00000
       3000897.00000
       3000841.00000
       3000920.00000
       3000873.00000
       3000947.00000
       3000929.00000
       3000958.00000
       3000969.00000
       3000923.00000
       3000954.00000
       3000903.00000
       3000835.00000
       3000937.00000
       3000979.00000
       3000954.00000
       3000969.00000
       3000950.00000
       3000879.00000
       3000907.00000
       3000998.00000
       3000917.00000
       3000934.00000
       3000970.00000
       3000960.00000
       3000934.00000
       3000961.00000
       3000987.00000
       3000976.00000
       3000945.00000
       3000849.00000
       3000847.00000
       3000902.00000
       3000972.00000
       3000958.00000
       3000896.00000
       3000935.00000
       3000963.00000
       3000954.00000
       3000922.00000
       3000911.00000
       3000911.00000
       3001986.00000
       3000909.00000
       3000886.00000
       3000911.00000
       3000895.00000
       3000917.00000
       3000934.00000
       3000916.00000
       3000896.00000
       3000876.00000
       3000900.00000
       3000964.00000
       3000915.00000
       3000904.00000
       3000993.00000
       3000939.00000
       3000953.00000
       3000934.00000
       3000938.00000
       3000941.00000
       3000962.00000
       3000915.00000
       3000932.00000
       3001005.00000
       3000994.00000
       3000904.00000
task 0 on core 1 executes 10000 times, exec_avg1:        3000945.00000
task 2 access time:
       4998104.00000
       4998040.00000
       4997973.00000
       4998058.00000
       4998033.00000
       4998020.00000
       4997996.00000
       4998060.00000
       4998015.00000
       4998010.00000
       4998039.00000
       4998086.00000
       4998053.00000
       4998019.00000
       4998061.00000
       4997969.00000
       4998067.00000
       4997977.00000
       4998022.00000
       4998052.00000
       4998003.00000
       4998091.00000
       4998019.00000
       4998014.00000
       4998033.00000
       4998025.00000
       4997973.00000
       4998102.00000
       4998011.00000
       4998040.00000
       4998011.00000
       4998051.00000
       4998071.00000
       4997999.00000
       4997983.00000
       4998017.00000
       4997997.00000
       4998047.00000
       4998036.00000
       4998049.00000
       4998089.00000
       4998041.00000
       4998038.00000
       4998032.00000
       4997906.00000
       4997999.00000
       4998076.00000
       4998015.00000
       4998036.00000
       4998044.00000
       4998002.00000
       4997969.00000
       4998074.00000
       4998038.00000
       4998033.00000
       4998063.00000
       4998058.00000
       4998001.00000
       4998032.00000
       4998124.00000
       4998068.00000
       4998040.00000
       4997970.00000
       4997956.00000
       4998024.00000
       4998045.00000
       4998013.00000
       4997991.00000
       4998041.00000
       4997999.00000
       4998071.00000
       4998033.00000
       4997988.00000
       4998019.00000
       4999202.00000
       4998013.00000
       4997954.00000
       4997990.00000
       4998032.00000
       4997994.00000
       4997998.00000
       4998026.00000
       4997981.00000
       4997988.00000
       4997998.00000
       4998047.00000
       4998012.00000
       4998030.00000
       4998070.00000
       4997954.00000
       4998033.00000
       4998043.00000
       4998028.00000
       4997991.00000
       4998021.00000
       4998007.00000
       4998033.00000
       4998103.00000
       4998082.00000
       4997989.00000
task 1 on core 2 executes 10000 times, exec_avg1:        4998038.00000
task 3 access time:
       6994484.00000
       6994429.00000
       6994400.00000
       6994428.00000
       6994421.00000
       6994408.00000
       6994410.00000
       6994419.00000
       6994406.00000
       6994374.00000
       6994457.00000
       6994468.00000
       6994424.00000
       6994408.00000
       6994436.00000
       6994359.00000
       6994437.00000
       6994374.00000
       6994391.00000
       6994397.00000
       6994392.00000
       6994458.00000
       6994428.00000
       6994385.00000
       6994391.00000
       6994399.00000
       6994347.00000
       6994537.00000
       6994359.00000
       6994431.00000
       6994377.00000
       6994426.00000
       6994441.00000
       6994398.00000
       6994426.00000
       6994366.00000
       6994387.00000
       6994413.00000
       6994418.00000
       6994450.00000
       6994448.00000
       6994423.00000
       6994439.00000
       6994417.00000
       6994313.00000
       6994347.00000
       6994467.00000
       6994429.00000
       6994438.00000
       6994441.00000
       6994413.00000
       6994408.00000
       6994475.00000
       6994406.00000
       6994402.00000
       6994443.00000
       6994460.00000
       6994331.00000
       6994404.00000
       6994476.00000
       6994449.00000
       6994368.00000
       6994380.00000
       6994372.00000
       6994379.00000
       6994403.00000
       6994398.00000
       6994388.00000
       6994411.00000
       6994352.00000
       6994427.00000
       6994383.00000
       6994339.00000
       6994419.00000
       6995644.00000
       6994376.00000
       6994364.00000
       6994373.00000
       6994415.00000
       6994343.00000
       6994387.00000
       6994404.00000
       6994382.00000
       6994378.00000
       6994408.00000
       6994412.00000
       6994428.00000
       6994434.00000
       6994447.00000
       6994350.00000
       6994390.00000
       6994428.00000
       6994426.00000
       6994354.00000
       6994418.00000
       6994379.00000
       6994415.00000
       6994469.00000
       6994457.00000
       6994340.00000
task 2 on core 3 executes 10000 times, exec_avg1:        6994420.00000
task 4 access time:
       7984047.00000
       7984034.00000
       7984050.00000
       7984037.00000
       7984024.00000
       7984037.00000
       7984032.00000
       7984036.00000
       7984026.00000
       7984037.00000
       7984033.00000
       7984034.00000
       7984037.00000
       7984046.00000
       7984030.00000
       7984054.00000
       7984052.00000
       7984046.00000
       7984080.00000
       7984032.00000
       7984028.00000
       7984044.00000
       7984041.00000
       7984024.00000
       7984029.00000
       7984048.00000
       7984044.00000
       7984030.00000
       7984049.00000
       7984043.00000
       7984053.00000
       7984042.00000
       7984022.00000
       7984032.00000
       7984039.00000
       7984036.00000
       7984048.00000
       7984035.00000
       7984045.00000
       7984045.00000
       7984035.00000
       7984034.00000
       7984027.00000
       7984031.00000
       7984033.00000
       7984036.00000
       7984019.00000
       7984058.00000
       7984036.00000
       7984016.00000
       7984033.00000
       7984059.00000
       7984040.00000
       7984037.00000
       7984063.00000
       7984045.00000
       7984047.00000
       7984053.00000
       7984025.00000
       7984047.00000
       7984041.00000
       7984055.00000
       7984035.00000
       7984041.00000
       7984042.00000
       7984020.00000
       7984029.00000
       7984027.00000
       7984056.00000
       7984018.00000
       7984040.00000
       7984042.00000
       7984048.00000
       7984025.00000
       7984026.00000
       7984042.00000
       7984056.00000
       7984042.00000
       7984043.00000
       7984030.00000
       7984013.00000
       7984048.00000
       7984009.00000
       7984048.00000
       7984035.00000
       7984019.00000
       7984022.00000
       7984034.00000
       7984031.00000
       7984028.00000
       7984027.00000
       7984038.00000
       7984043.00000
       7984042.00000
       7984034.00000
       7984029.00000
       7984035.00000
       7984046.00000
       7984035.00000
       7984022.00000
task 3 on core 1 executes 10000 times, exec_avg1:        7984038.00000
task 5 access time:
            29.00000
            29.00000
            29.00000
            29.00000
            30.00000
            30.00000
            29.00000
            29.00000
            29.00000
            30.00000
            30.00000
            30.00000
            29.00000
            29.00000
            30.00000
            29.00000
            29.00000
            29.00000
            29.00000
            29.00000
            30.00000
            30.00000
            30.00000
            30.00000
            29.00000
            30.00000
            30.00000
            29.00000
            29.00000
            29.00000
            29.00000
            30.00000
            29.00000
            29.00000
            29.00000
            29.00000
            29.00000
            30.00000
            29.00000
            29.00000
            29.00000
            29.00000
            30.00000
            29.00000
            29.00000
            29.00000
            30.00000
            29.00000
            30.00000
            29.00000
            29.00000
            29.00000
            30.00000
            30.00000
            29.00000
            29.00000
            29.00000
            29.00000
            30.00000
            30.00000
            29.00000
            29.00000
            29.00000
            29.00000
            30.00000
            29.00000
            30.00000
            29.00000
            29.00000
            30.00000
            30.00000
            29.00000
            29.00000
            29.00000
            29.00000
            30.00000
            29.00000
            29.00000
            29.00000
            29.00000
            29.00000
            30.00000
            30.00000
            29.00000
            29.00000
            30.00000
            30.00000
            29.00000
            29.00000
            30.00000
            30.00000
            30.00000
            29.00000
            29.00000
            29.00000
            29.00000
            29.00000
            30.00000
            29.00000
            29.00000
task 4 on core 2 executes 10000 times, exec_avg1:             29.00000
