task 1 access time:
       2994122.00000
       2994121.00000
       2994108.00000
       2994105.00000
       2994143.00000
       2994144.00000
       2994139.00000
       2994108.00000
       2994126.00000
       2994123.00000
       2994139.00000
       2994125.00000
       2994134.00000
       2994153.00000
       2994137.00000
       2994142.00000
       2994130.00000
       2994115.00000
       2994157.00000
       2994127.00000
       2994130.00000
       2994124.00000
       2994143.00000
       2994142.00000
       2994144.00000
       2994130.00000
       2994130.00000
       2994139.00000
       2994152.00000
       2994138.00000
       2994139.00000
       2994120.00000
       2994147.00000
       2994151.00000
       2994152.00000
       2994140.00000
       2994144.00000
       2994134.00000
       2994122.00000
       2994155.00000
       2994151.00000
       2994135.00000
       2994112.00000
       2994136.00000
       2994132.00000
       2994149.00000
       2994150.00000
       2994137.00000
       2994136.00000
       2994137.00000
       2994137.00000
       2994114.00000
       2994123.00000
       2994135.00000
       2994102.00000
       2994129.00000
       2994129.00000
       2994131.00000
       2994122.00000
       2994129.00000
       2994139.00000
       2994125.00000
       2994128.00000
       2994124.00000
       2994108.00000
       2994106.00000
       2994130.00000
       2994154.00000
       2994149.00000
       2994130.00000
       2994126.00000
       2994132.00000
       2994130.00000
       2994125.00000
       2994137.00000
       2994146.00000
       2994156.00000
       2994109.00000
       2994124.00000
       2994132.00000
       2994118.00000
       2994130.00000
       2994153.00000
       2994159.00000
       2994133.00000
       2994146.00000
       2994118.00000
       2994133.00000
       2994130.00000
       2994149.00000
       2994131.00000
       2994133.00000
       2994156.00000
       2994149.00000
       2994153.00000
       2994144.00000
       2994153.00000
       2994145.00000
       2994132.00000
       2994151.00000
task 0 on core 1 executes 10000 times, exec_avg1:        2994134.00000
task 2 access time:
       4990090.00000
       4990077.00000
       4990077.00000
       4990087.00000
       4990139.00000
       4990144.00000
       4990123.00000
       4990074.00000
       4990092.00000
       4990102.00000
       4990119.00000
       4990069.00000
       4990094.00000
       4990157.00000
       4990084.00000
       4990104.00000
       4990101.00000
       4990085.00000
       4990155.00000
       4990080.00000
       4990103.00000
       4990098.00000
       4990122.00000
       4990115.00000
       4990100.00000
       4990074.00000
       4990087.00000
       4990112.00000
       4990135.00000
       4990108.00000
       4990124.00000
       4990082.00000
       4990146.00000
       4990104.00000
       4990103.00000
       4990124.00000
       4990090.00000
       4990088.00000
       4990065.00000
       4990124.00000
       4990114.00000
       4990127.00000
       4990080.00000
       4990080.00000
       4990135.00000
       4990167.00000
       4990123.00000
       4990101.00000
       4990110.00000
       4990078.00000
       4990097.00000
       4990096.00000
       4990106.00000
       4990102.00000
       4990023.00000
       4990139.00000
       4990116.00000
       4990103.00000
       4990091.00000
       4990114.00000
       4990102.00000
       4990079.00000
       4990102.00000
       4990101.00000
       4990077.00000
       4990054.00000
       4990113.00000
       4990132.00000
       4990124.00000
       4990097.00000
       4990116.00000
       4990101.00000
       4990089.00000
       4990073.00000
       4990073.00000
       4990107.00000
       4990129.00000
       4990091.00000
       4990079.00000
       4990069.00000
       4990111.00000
       4990133.00000
       4990147.00000
       4990147.00000
       4990095.00000
       4990133.00000
       4990090.00000
       4990087.00000
       4990118.00000
       4990146.00000
       4990106.00000
       4990107.00000
       4990155.00000
       4990102.00000
       4990129.00000
       4990091.00000
       4990151.00000
       4990142.00000
       4990107.00000
       4990100.00000
task 1 on core 2 executes 10000 times, exec_avg1:        4990106.00000
