task 1 access time:
      10979658.00000
      10979547.00000
      10979566.00000
      10979613.00000
      10979704.00000
      10979539.00000
      10979593.00000
      10979566.00000
      10979561.00000
      10979639.00000
      10979529.00000
      10979543.00000
      10979581.00000
      10979534.00000
      10979529.00000
      10979543.00000
      10979598.00000
      10979529.00000
      10979558.00000
      10979540.00000
      10979495.00000
      10979526.00000
      10979655.00000
      10979499.00000
      10979578.00000
      10979604.00000
      10979539.00000
      10979770.00000
      10979561.00000
      10979514.00000
      10979576.00000
      10979608.00000
      10979526.00000
      10979563.00000
      10979577.00000
      10979539.00000
      10979556.00000
      10979551.00000
      10979563.00000
      10979579.00000
      10979537.00000
      10979564.00000
      10979597.00000
      10979556.00000
      10979578.00000
      10979593.00000
      10979574.00000
      10979585.00000
      10979600.00000
      10979546.00000
      10979698.00000
      10979595.00000
      10979561.00000
      10979586.00000
      10979603.00000
      10979527.00000
      10979541.00000
      10979574.00000
      10979543.00000
      10979548.00000
      10979616.00000
      10979550.00000
      10979590.00000
      10979635.00000
      10979502.00000
      10979554.00000
      10979576.00000
      10979530.00000
      10979568.00000
      10979631.00000
      10979531.00000
      10979569.00000
      10979622.00000
      10979633.00000
      10979527.00000
      10979582.00000
      10979528.00000
      10979550.00000
      10979541.00000
      10979565.00000
      10979506.00000
      10979544.00000
      10979609.00000
      10979551.00000
      10979561.00000
      10979697.00000
      10979537.00000
      10979562.00000
      10979543.00000
      10979588.00000
      10979579.00000
      10979599.00000
      10979574.00000
      10979572.00000
      10979543.00000
      10979571.00000
      10979739.00000
      10979509.00000
      10979612.00000
      10979582.00000
task 0 on core 1 executes 10000 times, exec_avg1:       10979573.00000
task 2 access time:
      14442927.00000
      14412865.00000
      14053566.00000
      14143445.00000
      14113566.00000
      14173357.00000
      14233278.00000
      14502720.00000
      14203260.00000
      14083570.00000
      14023578.00000
      14203283.00000
      14233248.00000
      14053511.00000
      14323012.00000
      14083488.00000
      14113504.00000
      14023563.00000
      14173350.00000
      14532598.00000
      14442730.00000
      14083448.00000
      14412998.00000
      14352949.00000
      14592583.00000
      14442888.00000
      14263116.00000
      14083753.00000
      14293077.00000
      14233183.00000
      14233229.00000
      14472818.00000
      14143349.00000
      14173360.00000
      14203300.00000
      14263121.00000
      14263155.00000
      14263167.00000
      14233230.00000
      14293130.00000
      14053539.00000
      14323057.00000
      14293119.00000
      14233207.00000
      14113474.00000
      14203294.00000
      13843984.00000
      14203303.00000
      14323099.00000
      14143363.00000
      14622671.00000
      14173371.00000
      14233218.00000
      14382987.00000
      14502701.00000
      14382895.00000
      14263168.00000
      14323062.00000
      13993635.00000
      14083544.00000
      13903904.00000
      14023595.00000
      14053563.00000
      14323124.00000
      14233140.00000
      14233235.00000
      14293137.00000
      14023582.00000
      14412878.00000
      14203351.00000
      14382874.00000
      14652448.00000
      14293146.00000
      14263259.00000
      14263140.00000
      14442832.00000
      14083478.00000
      14233203.00000
      14562592.00000
      14293144.00000
      14382886.00000
      14173323.00000
      14353037.00000
      14502703.00000
      14083481.00000
      14083668.00000
      14143366.00000
      14442832.00000
      14233170.00000
      14203312.00000
      13993670.00000
      14263189.00000
      14053591.00000
      14382983.00000
      14263151.00000
      14053565.00000
      14083682.00000
      14113399.00000
      14472859.00000
      14472758.00000
task 1 on core 2 executes 10000 times, exec_avg1:       14244912.00000
task 3 access time:
      14502802.00000
      14532592.00000
      14891968.00000
      14802193.00000
      14832164.00000
      14772174.00000
      14712339.00000
      14442820.00000
      14742235.00000
      14862068.00000
      14921838.00000
      14742210.00000
      14712316.00000
      14891901.00000
      14622414.00000
      14861968.00000
      14832130.00000
      14921866.00000
      14772194.00000
      14412791.00000
      14502615.00000
      14861974.00000
      14532712.00000
      14592435.00000
      14353002.00000
      14502755.00000
      14682297.00000
      14862243.00000
      14652355.00000
      14712259.00000
      14712289.00000
      14472786.00000
      14802063.00000
      14772159.00000
      14742226.00000
      14682300.00000
      14682322.00000
      14682358.00000
      14712302.00000
      14652402.00000
      14891920.00000
      14622468.00000
      14652444.00000
      14712255.00000
      14832075.00000
      14742255.00000
      15101553.00000
      14742271.00000
      14622507.00000
      14802083.00000
      14323226.00000
      14772174.00000
      14712308.00000
      14562584.00000
      14442808.00000
      14562522.00000
      14682358.00000
      14622454.00000
      14951777.00000
      14862049.00000
      15041729.00000
      14921842.00000
      14891971.00000
      14622524.00000
      14712219.00000
      14712291.00000
      14652436.00000
      14921834.00000
      14532628.00000
      14742266.00000
      14562539.00000
      14293081.00000
      14652445.00000
      14682438.00000
      14682307.00000
      14502696.00000
      14861957.00000
      14712283.00000
      14382897.00000
      14652412.00000
      14562509.00000
      14772165.00000
      14592569.00000
      14442789.00000
      14862007.00000
      14862168.00000
      14802095.00000
      14502713.00000
      14712248.00000
      14742251.00000
      14951829.00000
      14682401.00000
      14891954.00000
      14562589.00000
      14682330.00000
      14891947.00000
      14862182.00000
      14832013.00000
      14472815.00000
      14472759.00000
task 2 on core 3 executes 10000 times, exec_avg1:       14700621.00000
task 4 access time:
       7984031.00000
       7984033.00000
       7984041.00000
       7984032.00000
       7984023.00000
       7984025.00000
       7984032.00000
       7984020.00000
       7984037.00000
       7984048.00000
       7984038.00000
       7984040.00000
       7984021.00000
       7984035.00000
       7984020.00000
       7984030.00000
       7984040.00000
       7984021.00000
       7984033.00000
       7984014.00000
       7984023.00000
       7984019.00000
       7984040.00000
       7984022.00000
       7984049.00000
       7984049.00000
       7984038.00000
       7984069.00000
       7984010.00000
       7984035.00000
       7984039.00000
       7984038.00000
       7984055.00000
       7984045.00000
       7984035.00000
       7984025.00000
       7984020.00000
       7984016.00000
       7984031.00000
       7984040.00000
       7984035.00000
       7984011.00000
       7984040.00000
       7984035.00000
       7984028.00000
       7984024.00000
       7984023.00000
       7984033.00000
       7984050.00000
       7984039.00000
       7984011.00000
       7984064.00000
       7984038.00000
       7984036.00000
       7984039.00000
       7984011.00000
       7984029.00000
       7984026.00000
       7984054.00000
       7984044.00000
       7984054.00000
       7984044.00000
       7984053.00000
       7984053.00000
       7984015.00000
       7984021.00000
       7984029.00000
       7984040.00000
       7984045.00000
       7984039.00000
       7984038.00000
       7984036.00000
       7984027.00000
       7984016.00000
       7984010.00000
       7984051.00000
       7984020.00000
       7984040.00000
       7984028.00000
       7984033.00000
       7984025.00000
       7984028.00000
       7984049.00000
       7984027.00000
       7984021.00000
       7984049.00000
       7984027.00000
       7984022.00000
       7984003.00000
       7984028.00000
       7984036.00000
       7984014.00000
       7984023.00000
       7984027.00000
       7984018.00000
       7984018.00000
       7984029.00000
       7984026.00000
       7984050.00000
       7984027.00000
task 3 on core 1 executes 10000 times, exec_avg1:        7984032.00000
