task 1 access time:
      10979947.00000
      10979918.00000
      10979898.00000
      10979953.00000
      10979901.00000
      10979936.00000
      10979946.00000
      10979919.00000
      10979916.00000
      10979920.00000
      10979948.00000
      10979925.00000
      10979917.00000
      10979935.00000
      10979906.00000
      10979915.00000
      10979915.00000
      10979897.00000
      10979843.00000
      10979942.00000
      10979938.00000
      10979890.00000
      10979922.00000
      10979912.00000
      10979947.00000
      10979922.00000
      10979913.00000
      10979907.00000
      10979926.00000
      10979938.00000
      10979919.00000
      10979923.00000
      10979898.00000
      10979924.00000
      10979922.00000
      10979881.00000
      10979943.00000
      10979935.00000
      10979912.00000
      10979915.00000
      10979934.00000
      10979954.00000
      10979941.00000
      10979910.00000
      10979899.00000
      10979944.00000
      10979939.00000
      10979967.00000
      10979926.00000
      10979910.00000
      10979937.00000
      10979937.00000
      10979926.00000
      10979909.00000
      10979953.00000
      10979913.00000
      10979897.00000
      10979927.00000
      10979932.00000
      10979938.00000
      10979974.00000
      10979941.00000
      10979911.00000
      10979900.00000
      10979924.00000
      10979917.00000
      10979877.00000
      10979899.00000
      10979903.00000
      10979882.00000
      10979878.00000
      10979909.00000
      10979898.00000
      10979924.00000
      10979917.00000
      10979864.00000
      10979927.00000
      10979914.00000
      10979883.00000
      10979890.00000
      10979894.00000
      10979932.00000
      10979909.00000
      10979929.00000
      10979945.00000
      10979904.00000
      10979903.00000
      10979887.00000
      10979936.00000
      10979895.00000
      10979931.00000
      10979942.00000
      10979887.00000
      10979921.00000
      10979884.00000
      10979933.00000
      10979900.00000
      10979910.00000
      10979886.00000
      10979902.00000
task 0 on core 1 executes 10000 times, exec_avg1:       10979917.00000
task 2 access time:
      12976778.00000
      12976759.00000
      12976730.00000
      12976818.00000
      12976797.00000
      12976848.00000
      12976779.00000
      12976773.00000
      12976805.00000
      12976800.00000
      12976782.00000
      12976849.00000
      12976784.00000
      12976832.00000
      12976781.00000
      12976825.00000
      12976790.00000
      12976756.00000
      12976718.00000
      12976751.00000
      12976817.00000
      12976814.00000
      12976778.00000
      12976739.00000
      12976793.00000
      12976801.00000
      12976852.00000
      12976763.00000
      12976846.00000
      12976777.00000
      12976838.00000
      12976789.00000
      12976735.00000
      12976801.00000
      12976890.00000
      12976775.00000
      12976794.00000
      12976769.00000
      12976811.00000
      12976759.00000
      12976819.00000
      12976817.00000
      12976809.00000
      12976797.00000
      12976813.00000
      12976792.00000
      12976792.00000
      12976857.00000
      12976778.00000
      12976769.00000
      12976801.00000
      12976754.00000
      12976741.00000
      12976741.00000
      12976828.00000
      12976839.00000
      12976695.00000
      12976778.00000
      12976780.00000
      12976860.00000
      12976848.00000
      12976828.00000
      12976756.00000
      12976731.00000
      12976760.00000
      12976860.00000
      12976759.00000
      12976743.00000
      12976815.00000
      12976772.00000
      12976765.00000
      12976794.00000
      12976837.00000
      12976805.00000
      12976833.00000
      12976785.00000
      12976805.00000
      12976795.00000
      12976748.00000
      12976798.00000
      12976793.00000
      12976836.00000
      12976773.00000
      12976761.00000
      12976820.00000
      12976832.00000
      12976811.00000
      12976756.00000
      12976791.00000
      12976778.00000
      12976819.00000
      12976879.00000
      12976823.00000
      12976741.00000
      12976701.00000
      12976792.00000
      12976718.00000
      12976791.00000
      12976756.00000
      12976673.00000
task 1 on core 2 executes 10000 times, exec_avg1:       12976790.00000
task 3 access time:
       7984028.00000
       7984045.00000
       7984018.00000
       7984057.00000
       7984013.00000
       7984057.00000
       7984044.00000
       7984026.00000
       7984032.00000
       7984039.00000
       7984041.00000
       7984025.00000
       7984019.00000
       7984026.00000
       7984020.00000
       7984033.00000
       7984019.00000
       7984018.00000
       7984006.00000
       7984040.00000
       7984036.00000
       7984027.00000
       7984029.00000
       7984039.00000
       7984019.00000
       7984036.00000
       7984015.00000
       7984024.00000
       7984035.00000
       7984045.00000
       7984034.00000
       7984035.00000
       7984011.00000
       7984052.00000
       7984039.00000
       7984037.00000
       7984055.00000
       7984026.00000
       7984032.00000
       7984032.00000
       7984029.00000
       7984046.00000
       7984060.00000
       7984037.00000
       7984036.00000
       7984020.00000
       7984027.00000
       7984041.00000
       7984041.00000
       7984034.00000
       7984035.00000
       7984033.00000
       7984042.00000
       7984031.00000
       7984026.00000
       7984024.00000
       7984021.00000
       7984038.00000
       7984022.00000
       7984035.00000
       7984021.00000
       7984041.00000
       7984049.00000
       7984035.00000
       7984040.00000
       7984039.00000
       7984030.00000
       7984026.00000
       7984029.00000
       7984023.00000
       7984022.00000
       7984038.00000
       7984050.00000
       7984042.00000
       7984041.00000
       7984014.00000
       7984031.00000
       7984036.00000
       7984023.00000
       7984027.00000
       7984028.00000
       7984042.00000
       7984032.00000
       7984047.00000
       7984053.00000
       7984022.00000
       7984027.00000
       7984010.00000
       7984055.00000
       7984022.00000
       7984036.00000
       7984044.00000
       7984022.00000
       7984033.00000
       7984027.00000
       7984027.00000
       7984028.00000
       7984030.00000
       7984025.00000
       7984032.00000
task 2 on core 1 executes 10000 times, exec_avg1:        7984032.00000
