task 1 access time:
       2994710.00000
       2994675.00000
       2994648.00000
       2994652.00000
       2994656.00000
       2994681.00000
       2994657.00000
       2994686.00000
       2994657.00000
       2994654.00000
       2994672.00000
       2994667.00000
       2994676.00000
       2994674.00000
       2994674.00000
       2994660.00000
       2994678.00000
       2994648.00000
       2994665.00000
       2994700.00000
       2994692.00000
       2994689.00000
       2994693.00000
       2994671.00000
       2994669.00000
       2994647.00000
       2994686.00000
       2994691.00000
       2994656.00000
       2994662.00000
       2994658.00000
       2994657.00000
       2994656.00000
       2994667.00000
       2994661.00000
       2994677.00000
       2994659.00000
       2994665.00000
       2994666.00000
       2994644.00000
       2994678.00000
       2994692.00000
       2994652.00000
       2994686.00000
       2994652.00000
       2994672.00000
       2994677.00000
       2994689.00000
       2994674.00000
       2994696.00000
       2994656.00000
       2994679.00000
       2994676.00000
       2994712.00000
       2994669.00000
       2994662.00000
       2994667.00000
       2994670.00000
       2994656.00000
       2994663.00000
       2994658.00000
       2994668.00000
       2994680.00000
       2994644.00000
       2994668.00000
       2994654.00000
       2994671.00000
       2994710.00000
       2994641.00000
       2994684.00000
       2994683.00000
       2994671.00000
       2994646.00000
       2994698.00000
       2994661.00000
       2994696.00000
       2994689.00000
       2994663.00000
       2994647.00000
       2994679.00000
       2994677.00000
       2994670.00000
       2994641.00000
       2994670.00000
       2994657.00000
       2994662.00000
       2994656.00000
       2994661.00000
       2994651.00000
       2994700.00000
       2994664.00000
       2994697.00000
       2994705.00000
       2994666.00000
       2994667.00000
       2994635.00000
       2994669.00000
       2994670.00000
       2994666.00000
       2994672.00000
task 0 on core 1 executes 10000 times, exec_avg1:        2994670.00000
task 2 access time:
       4991539.00000
       4991595.00000
       4991493.00000
       4991451.00000
       4991482.00000
       4991452.00000
       4991490.00000
       4991499.00000
       4991514.00000
       4991502.00000
       4991471.00000
       4991464.00000
       4991529.00000
       4991521.00000
       4991481.00000
       4991483.00000
       4991546.00000
       4991478.00000
       4991498.00000
       4991558.00000
       4991526.00000
       4991498.00000
       4991547.00000
       4991488.00000
       4991473.00000
       4991487.00000
       4991500.00000
       4991541.00000
       4991532.00000
       4991476.00000
       4991425.00000
       4991519.00000
       4991509.00000
       4991434.00000
       4991530.00000
       4991496.00000
       4991443.00000
       4991529.00000
       4991473.00000
       4991404.00000
       4991481.00000
       4991533.00000
       4991502.00000
       4991576.00000
       4991478.00000
       4991501.00000
       4991528.00000
       4991530.00000
       4991466.00000
       4991506.00000
       4991426.00000
       4991607.00000
       4991476.00000
       4991524.00000
       4991457.00000
       4991524.00000
       4991475.00000
       4991444.00000
       4991472.00000
       4991509.00000
       4991421.00000
       4991473.00000
       4991541.00000
       4991504.00000
       4991541.00000
       4991496.00000
       4991538.00000
       4991551.00000
       4991473.00000
       4991523.00000
       4991524.00000
       4991419.00000
       4991447.00000
       4991522.00000
       4991481.00000
       4991446.00000
       4991486.00000
       4991480.00000
       4991471.00000
       4991517.00000
       4991499.00000
       4991452.00000
       4991436.00000
       4991535.00000
       4991479.00000
       4991506.00000
       4991465.00000
       4991463.00000
       4991497.00000
       4991584.00000
       4991450.00000
       4991498.00000
       4991551.00000
       4991464.00000
       4991482.00000
       4991486.00000
       4991522.00000
       4991466.00000
       4991497.00000
       4991514.00000
task 1 on core 2 executes 10000 times, exec_avg1:        4991496.00000
