task 1 access time:
       2995392.00000
       2996354.00000
       2995171.00000
       2995330.00000
       2998073.00000
       2995153.00000
       2995078.00000
       2995377.00000
       2995265.00000
       2995730.00000
       2994957.00000
       2994937.00000
       2994939.00000
       2994963.00000
       2994994.00000
       2994957.00000
       2994937.00000
       2994962.00000
       2995006.00000
       2994970.00000
       2994992.00000
       2994984.00000
       2994965.00000
       2994968.00000
       2994959.00000
       2994984.00000
       2994950.00000
       2994948.00000
       2994972.00000
       2994965.00000
       2994968.00000
       2994974.00000
       2994945.00000
       2994948.00000
       2994962.00000
       2994972.00000
       2994963.00000
       2994961.00000
       2994960.00000
       2994956.00000
       2994954.00000
       2994984.00000
       2994964.00000
       2994934.00000
       2994961.00000
       2994959.00000
       2994960.00000
       2994944.00000
       2994974.00000
       2995000.00000
       2994949.00000
       2994973.00000
       2994951.00000
       2994984.00000
       2994974.00000
       2994947.00000
       2995685.00000
       2994968.00000
       2994967.00000
       2994942.00000
       2994954.00000
       2994964.00000
       2994971.00000
       2994975.00000
       2994961.00000
       2994973.00000
       2994965.00000
       2994977.00000
       2994989.00000
       2994947.00000
       2994958.00000
       2994968.00000
       2994965.00000
       2994957.00000
       2994969.00000
       2994985.00000
       2994976.00000
       2994979.00000
       2994986.00000
       2994976.00000
       2994990.00000
       2994967.00000
       2995012.00000
       2994989.00000
       2994987.00000
       2994971.00000
       2994970.00000
       2994966.00000
       2994961.00000
       2994959.00000
       2994962.00000
       2994958.00000
       2994962.00000
       2994951.00000
       2995008.00000
       2994954.00000
       2994976.00000
       2994964.00000
       2994971.00000
       2994963.00000
task 0 on core 1 executes 10000 times, exec_avg1:        2995047.00000
