task 1 access time:
       2997817.00000
       2997731.00000
       2997748.00000
       2997770.00000
       2997761.00000
       2997820.00000
       2997815.00000
       2997718.00000
       2997726.00000
       2997710.00000
       2997692.00000
       2997738.00000
       2997743.00000
       2997725.00000
       2997766.00000
       2997708.00000
       2997754.00000
       2997714.00000
       2997763.00000
       2997745.00000
       2997760.00000
       2997812.00000
       2997805.00000
       2997794.00000
       2997780.00000
       2997715.00000
       2997765.00000
       2997753.00000
       2997718.00000
       2997738.00000
       2997754.00000
       2997708.00000
       2997746.00000
       2997751.00000
       2997690.00000
       2997730.00000
       2997710.00000
       2998121.00000
       2997683.00000
       2997731.00000
       2997697.00000
       2997717.00000
       2997751.00000
       2997766.00000
       2997788.00000
       2997765.00000
       2997722.00000
       2997683.00000
       2997680.00000
       2997803.00000
       2997693.00000
       2997800.00000
       2997742.00000
       2997763.00000
       2997783.00000
       2997663.00000
       2997678.00000
       2997770.00000
       2997701.00000
       2997744.00000
       2997668.00000
       2997691.00000
       2997809.00000
       2997714.00000
       2997780.00000
       2997711.00000
       2997780.00000
       2997743.00000
       2997729.00000
       2997729.00000
       2997733.00000
       2997756.00000
       2997775.00000
       2997708.00000
       2998039.00000
       2997768.00000
       2997680.00000
       2997785.00000
       2997743.00000
       2997757.00000
       2997739.00000
       2997721.00000
       2997786.00000
       2997721.00000
       2997715.00000
       2997753.00000
       2997719.00000
       2997705.00000
       2997782.00000
       2997752.00000
       2997746.00000
       2997683.00000
       2997704.00000
       2997738.00000
       2997792.00000
       2997737.00000
       2997708.00000
       2997677.00000
       2997762.00000
       2997748.00000
task 0 on core 1 executes 10000 times, exec_avg1:        2997747.00000
task 2 access time:
       4996586.00000
       4996507.00000
       4996493.00000
       4996517.00000
       4996538.00000
       4996588.00000
       4996595.00000
       4996491.00000
       4996501.00000
       4996468.00000
       4996453.00000
       4996510.00000
       4996500.00000
       4996459.00000
       4996543.00000
       4996492.00000
       4996504.00000
       4996474.00000
       4996520.00000
       4996480.00000
       4996546.00000
       4996543.00000
       4996575.00000
       4996567.00000
       4996539.00000
       4996478.00000
       4996510.00000
       4996500.00000
       4996480.00000
       4996499.00000
       4996505.00000
       4996484.00000
       4996545.00000
       4996544.00000
       4996459.00000
       4996517.00000
       4996447.00000
       4996924.00000
       4996443.00000
       4996506.00000
       4996436.00000
       4996448.00000
       4996513.00000
       4996557.00000
       4996569.00000
       4996542.00000
       4996481.00000
       4996429.00000
       4996456.00000
       4996536.00000
       4996443.00000
       4996559.00000
       4996530.00000
       4996515.00000
       4996579.00000
       4996442.00000
       4996432.00000
       4996533.00000
       4996466.00000
       4996531.00000
       4996428.00000
       4996442.00000
       4996576.00000
       4996476.00000
       4996547.00000
       4996457.00000
       4996554.00000
       4996499.00000
       4996469.00000
       4996526.00000
       4996517.00000
       4996536.00000
       4996530.00000
       4996515.00000
       4996842.00000
       4996534.00000
       4996444.00000
       4996510.00000
       4996507.00000
       4996512.00000
       4996480.00000
       4996480.00000
       4996538.00000
       4996497.00000
       4996461.00000
       4996520.00000
       4996503.00000
       4996487.00000
       4996550.00000
       4996499.00000
       4996513.00000
       4996468.00000
       4996473.00000
       4996486.00000
       4996531.00000
       4996489.00000
       4996462.00000
       4996422.00000
       4996543.00000
       4996499.00000
task 1 on core 2 executes 10000 times, exec_avg1:        4996512.00000
task 3 access time:
       7984124.00000
       7984118.00000
       7984102.00000
       7984132.00000
       7984118.00000
       7984108.00000
       7984103.00000
       7984128.00000
       7984103.00000
       7984109.00000
       7984127.00000
       7984133.00000
       7984114.00000
       7984113.00000
       7984123.00000
       7984109.00000
       7984111.00000
       7984129.00000
       7984107.00000
       7984136.00000
       7984107.00000
       7984113.00000
       7984096.00000
       7984123.00000
       7984130.00000
       7984108.00000
       7984117.00000
       7984135.00000
       7984117.00000
       7984122.00000
       7984109.00000
       7984108.00000
       7984115.00000
       7984116.00000
       7984109.00000
       7984102.00000
       7984113.00000
       7984127.00000
       7984119.00000
       7984116.00000
       7984131.00000
       7984122.00000
       7984123.00000
       7984121.00000
       7984122.00000
       7984107.00000
       7984115.00000
       7984114.00000
       7984096.00000
       7984106.00000
       7984104.00000
       7984102.00000
       7984112.00000
       7984098.00000
       7984119.00000
       7984108.00000
       7984110.00000
       7984122.00000
       7984103.00000
       7984107.00000
       7984105.00000
       7984101.00000
       7984126.00000
       7984099.00000
       7984119.00000
       7984105.00000
       7984107.00000
       7984081.00000
       7984119.00000
       7984139.00000
       7984104.00000
       7984097.00000
       7984130.00000
       7984127.00000
       7984132.00000
       7984112.00000
       7984110.00000
       7984139.00000
       7984119.00000
       7984107.00000
       7984109.00000
       7984124.00000
       7984129.00000
       7984110.00000
       7984111.00000
       7984096.00000
       7984109.00000
       7984120.00000
       7984103.00000
       7984130.00000
       7984119.00000
       7984129.00000
       7984102.00000
       7984101.00000
       7984124.00000
       7984112.00000
       7984107.00000
       7984125.00000
       7984130.00000
       7984111.00000
task 2 on core 1 executes 10000 times, exec_avg1:        7984115.00000
