task 1 access time:
       2994007.00000
       2994004.00000
       2994002.00000
       2994003.00000
       2994040.00000
       2994018.00000
       2994017.00000
       2994028.00000
       2994019.00000
       2994021.00000
       2993981.00000
       2994007.00000
       2994002.00000
       2994003.00000
       2994028.00000
       2994022.00000
       2994018.00000
       2993993.00000
       2994002.00000
       2994000.00000
       2994014.00000
       2994011.00000
       2993997.00000
       2993997.00000
       2994027.00000
       2993988.00000
       2994016.00000
       2994016.00000
       2993993.00000
       2994007.00000
       2994036.00000
       2993988.00000
       2994011.00000
       2994025.00000
       2994024.00000
       2993982.00000
       2994016.00000
       2993992.00000
       2993994.00000
       2994006.00000
       2994024.00000
       2994030.00000
       2993988.00000
       2994020.00000
       2994013.00000
       2993996.00000
       2993987.00000
       2994004.00000
       2994021.00000
       2993996.00000
       2994010.00000
       2993991.00000
       2994012.00000
       2994023.00000
       2994027.00000
       2994013.00000
       2994016.00000
       2993988.00000
       2994011.00000
       2994020.00000
       2994009.00000
       2994025.00000
       2994001.00000
       2994002.00000
       2994003.00000
       2994019.00000
       2994006.00000
       2994013.00000
       2994009.00000
       2994034.00000
       2994018.00000
       2994017.00000
       2993996.00000
       2993995.00000
       2994038.00000
       2993979.00000
       2994016.00000
       2994019.00000
       2993993.00000
       2993985.00000
       2994022.00000
       2993975.00000
       2994001.00000
       2994021.00000
       2994013.00000
       2994000.00000
       2994012.00000
       2994009.00000
       2994021.00000
       2994018.00000
       2994028.00000
       2994002.00000
       2994002.00000
       2993995.00000
       2994003.00000
       2994041.00000
       2994020.00000
       2993995.00000
       2994018.00000
       2994001.00000
task 0 on core 1 executes 10000 times, exec_avg1:        2994009.00000
task 2 access time:
       2994060.00000
       2994076.00000
       2994059.00000
       2994039.00000
       2994061.00000
       2994040.00000
       2994059.00000
       2994050.00000
       2994043.00000
       2994050.00000
       2994051.00000
       2994042.00000
       2994041.00000
       2994058.00000
       2994046.00000
       2994037.00000
       2994041.00000
       2994027.00000
       2994060.00000
       2994040.00000
       2994068.00000
       2994028.00000
       2994034.00000
       2994056.00000
       2994070.00000
       2994052.00000
       2994075.00000
       2994036.00000
       2994032.00000
       2994028.00000
       2994054.00000
       2994052.00000
       2994042.00000
       2994060.00000
       2994024.00000
       2994041.00000
       2994058.00000
       2994030.00000
       2994032.00000
       2994052.00000
       2994031.00000
       2994052.00000
       2994051.00000
       2994061.00000
       2994047.00000
       2994047.00000
       2994037.00000
       2994039.00000
       2994046.00000
       2994062.00000
       2994056.00000
       2994035.00000
       2994038.00000
       2994038.00000
       2994052.00000
       2994063.00000
       2994064.00000
       2994021.00000
       2994056.00000
       2994046.00000
       2994051.00000
       2994043.00000
       2994056.00000
       2994064.00000
       2994042.00000
       2994052.00000
       2994052.00000
       2994053.00000
       2994045.00000
       2994043.00000
       2994040.00000
       2994060.00000
       2994043.00000
       2994059.00000
       2994059.00000
       2994036.00000
       2994047.00000
       2994048.00000
       2994042.00000
       2994055.00000
       2994052.00000
       2994056.00000
       2994055.00000
       2994061.00000
       2994046.00000
       2994034.00000
       2994040.00000
       2994022.00000
       2994030.00000
       2994056.00000
       2994054.00000
       2994069.00000
       2994045.00000
       2994041.00000
       2994044.00000
       2994044.00000
       2994030.00000
       2994027.00000
       2994037.00000
       2994058.00000
task 1 on core 2 executes 10000 times, exec_avg1:        2994047.00000
