task 1 access time:
       3001588.00000
       3001275.00000
       3001112.00000
       3000872.00000
       3000889.00000
       3000915.00000
       3000812.00000
       3000817.00000
       3000826.00000
       3000789.00000
       3000828.00000
       3000808.00000
       3000818.00000
       3000807.00000
       3000790.00000
       3000819.00000
       3000797.00000
       3000783.00000
       3000803.00000
       3000805.00000
       3000840.00000
       3000802.00000
       3000797.00000
       3000797.00000
       3000780.00000
       3000779.00000
       3000832.00000
       3000829.00000
       3000826.00000
       3000847.00000
       3000829.00000
       3000807.00000
       3000830.00000
       3000836.00000
       3000814.00000
       3000812.00000
       3000809.00000
       3000853.00000
       3000818.00000
       3000825.00000
       3000792.00000
       3000797.00000
       3000810.00000
       3000832.00000
       3000818.00000
       3000787.00000
       3000795.00000
       3000802.00000
       3000800.00000
       3000787.00000
       3000801.00000
       3000807.00000
       3000781.00000
       3000794.00000
       3000809.00000
       3000808.00000
       3000787.00000
       3000809.00000
       3000825.00000
       3000805.00000
       3000832.00000
       3000830.00000
       3000806.00000
       3000819.00000
       3000788.00000
       3000836.00000
       3000789.00000
       3000815.00000
       3000848.00000
       3000794.00000
       3000806.00000
       3000799.00000
       3000811.00000
       3000792.00000
       3001057.00000
       3000781.00000
       3000821.00000
       3000804.00000
       3000810.00000
       3000802.00000
       3000789.00000
       3000797.00000
       3000796.00000
       3000825.00000
       3000804.00000
       3000806.00000
       3000814.00000
       3000795.00000
       3000817.00000
       3000800.00000
       3000799.00000
       3000810.00000
       3000814.00000
       3000846.00000
       3000785.00000
       3000811.00000
       3000785.00000
       3000793.00000
       3000820.00000
       3000798.00000
task 0 on core 1 executes 10000 times, exec_avg1:        3000829.00000
task 2 access time:
       2994068.00000
       2994064.00000
       2994066.00000
       2994073.00000
       2994075.00000
       2994056.00000
       2994067.00000
       2994043.00000
       2994065.00000
       2994069.00000
       2994088.00000
       2994049.00000
       2994070.00000
       2994043.00000
       2994077.00000
       2994061.00000
       2994066.00000
       2994067.00000
       2994073.00000
       2994070.00000
       2994088.00000
       2994046.00000
       2994069.00000
       2994070.00000
       2994073.00000
       2994072.00000
       2994059.00000
       2994066.00000
       2994084.00000
       2994049.00000
       2994056.00000
       2994059.00000
       2994068.00000
       2994063.00000
       2994053.00000
       2994064.00000
       2994062.00000
       2994059.00000
       2994054.00000
       2994066.00000
       2994051.00000
       2994075.00000
       2994064.00000
       2994061.00000
       2994065.00000
       2994064.00000
       2994048.00000
       2994047.00000
       2994060.00000
       2994082.00000
       2994048.00000
       2994075.00000
       2994070.00000
       2994073.00000
       2994044.00000
       2994067.00000
       2994077.00000
       2994071.00000
       2994064.00000
       2994069.00000
       2994055.00000
       2994085.00000
       2994067.00000
       2994048.00000
       2994053.00000
       2994079.00000
       2994057.00000
       2994050.00000
       2994071.00000
       2994059.00000
       2994069.00000
       2994046.00000
       2994059.00000
       2994079.00000
       2994073.00000
       2994081.00000
       2994040.00000
       2994086.00000
       2994083.00000
       2994085.00000
       2994061.00000
       2994060.00000
       2994058.00000
       2994072.00000
       2994057.00000
       2994085.00000
       2994055.00000
       2994051.00000
       2994067.00000
       2994073.00000
       2994071.00000
       2994062.00000
       2994071.00000
       2994070.00000
       2994065.00000
       2994074.00000
       2994077.00000
       2994065.00000
       2994075.00000
       2994083.00000
task 1 on core 2 executes 10000 times, exec_avg1:        2994065.00000
task 3 access time:
       7984081.00000
       7984068.00000
       7984046.00000
       7984038.00000
       7984035.00000
       7984040.00000
       7984037.00000
       7984030.00000
       7984041.00000
       7984028.00000
       7984053.00000
       7984048.00000
       7984027.00000
       7984053.00000
       7984023.00000
       7984039.00000
       7984062.00000
       7984028.00000
       7984003.00000
       7984025.00000
       7984030.00000
       7984036.00000
       7984045.00000
       7984021.00000
       7984029.00000
       7984037.00000
       7984016.00000
       7984009.00000
       7984054.00000
       7984042.00000
       7984035.00000
       7984023.00000
       7984022.00000
       7984042.00000
       7984029.00000
       7984041.00000
       7984030.00000
       7984038.00000
       7984033.00000
       7984045.00000
       7984016.00000
       7984033.00000
       7984030.00000
       7984044.00000
       7984032.00000
       7984021.00000
       7984043.00000
       7984028.00000
       7984037.00000
       7984033.00000
       7984037.00000
       7984032.00000
       7984040.00000
       7984040.00000
       7984048.00000
       7984037.00000
       7984029.00000
       7984041.00000
       7984013.00000
       7984027.00000
       7984029.00000
       7984029.00000
       7984026.00000
       7984025.00000
       7984053.00000
       7984026.00000
       7984023.00000
       7984048.00000
       7984007.00000
       7984039.00000
       7984036.00000
       7984051.00000
       7984049.00000
       7984025.00000
       7984032.00000
       7984049.00000
       7984029.00000
       7984030.00000
       7984030.00000
       7984025.00000
       7984036.00000
       7984044.00000
       7984026.00000
       7984046.00000
       7984037.00000
       7984046.00000
       7984034.00000
       7984037.00000
       7984045.00000
       7984013.00000
       7984026.00000
       7984031.00000
       7984036.00000
       7984024.00000
       7984044.00000
       7984034.00000
       7984032.00000
       7984042.00000
       7984037.00000
       7984040.00000
task 2 on core 1 executes 10000 times, exec_avg1:        7984035.00000
