clock 1:

clock 2:
1654044
1666959
1661106
1664429
1651765
1681032
1682591
1677221
1684818
1661888
1725169
1678726
1665504
1658882
1663474
1658636
1690562
1684000
1676697
1685494
1666719
1659526
1679827
1675775
1683382
1695614
1666784
1671191
1667699
1654134
1661335
1673120
1649890
1663831
1732342
1678215
1663847
1674022
1671996
1667871
1669863
1662430
1658505
1682959
1663763
1657774
1667300
1666045
1667744
1656169
1659312
1674809
1689084
1679350
1663694
1672172
1663628
1651649
1660817
1660716
1663734
1678496
1676980
1673782
1657152
1658659
1663227
1661882
1670009
1652201
1729294
1670397
1929159
2270951
1719612
1667435
1673185
1711906
1864966
1882494
1685697
1655919
1683409
1697499
1746878
1671113
1687828
1686484
1683255
1661037
1657484
1676328
1681379
1665091
1661053
1671819
1665943
1660643
1673327
1661574
1658858
1684415
1662650
1659673
1665757
1692121
1670795
1670340
1665327
1678132
1674193
1679392
1666772
1664527
1679095
1662320
1664379
1671824
1672317
1678439
1667788
1676404
1672472
1684546
1684137
1671980
1675697
1663477
1665419
1734483
1657012
1658433
1688331
1662539
1657877
1658193
1671564
1674292
1671014
1667284
1670352
1658043
1671795
1735270
1668217
1677381
1671391
1656769
1671338
1670611
1661917
1684367
1654716
1666550
1673168
1670880
1669979
1666750
1665467
1649619
1660604
1654021
1662015
1659598
1668364
1650390
1649816
1677257
1651507
1660331
1670061
1660141
1652752
1665349
1662349
1715115
1848226
1732431
1685780
1671493
1674482
1678104
1667119
1666400
1682995
1746046
1666787
1663177
1695180
1674944
1664051
1670461
1669353
1648625
1668706
1664698
1659349
1674751
1672042
1670836
1668322
1676344
1669544
1682141
1672662
1670001
1662617
1674982
1667453
1665763
1660241
1677212
1679405
1666502
1673567
1660228
1666123
1671298
1664904
1665624
1681448
1696263
1686875
1667898
1677977
1691586
1688111
1748412
1681190
1678065
1691403
1676719
1668658
1687668
1674994
1657506
1666644
1664113
1651936
1674458
1680239
1658418
1661998
1676906
1661337
1675754
1668569
1648465
1724478
1662210
1694079
1671181
1662806
1685334
1658355
1657625
1693447
1664876
1668125
1660688
1658187
1665576
1659923
1665252
1659310
1649003
1675756
1670592
1668247
1656515
1656876
1678750
1667095
1661778
1660897
1664709
1677968
1675018
1647100
1670915
1662332
1650070
1674334
1769423
1666844
1678127
1670106
1665170
1663504
1676773
1669582
1676304
1680579
1661927
1666716
1668679
1668586
1665173
1665754
1665453
1672145
1683951
1659862
1658823
1671786
1667829
1662714
1667857
1723293
1681334
1672272
1669935
1684659
1663152
1674543
1689244
1666138
1669166
1680555
1672877
1663128
1676675
1662750
1665632
1667428
1675468
1676062
1668731
1688684
1669000
1669687
1675549
1667506
1677362
1684410
1662430
1662657
1691743
1660762
1667948
1674555
1673642
1672543
1670080
1676955
1665419
1679320
1684068
1661519
1666161
1675934
1669218
1675012
1676467
1670346
1681469
1682453
1676286
1665252
1678259
1673872
1671090
1675108
1660270
1672434
1663167
1659537
1666032
1740134
1669653
1676906
1680315
1665885
1696939
1680804
1803159
1673629
1690612
1677710
1668458
1746416
1751376
1721307
1669048
1669479
1685668
1674391
1768224
1660289
1661145
1690562
1653509
1666672
1671968
1656367
1656457
1648606
1667673
1671210
1681767
1666807
1659683
1667513
1659976
1669419
1655147
1672577
1649552
1701572
1674426
1661545
1655120
1679280
1671679
1662982
1664155
1659592
1661364
1655463
1669211
1655498
1677735
1665438
1657385
1661570
1669205
1666496
1722742
1665385
1678974
1673001
1678100
1666591
1675220
1665040
1691451
1668079
1676187
1670409
1671974
1676345
1665897
1662360
1670699
1668920
1656628
1677947
1661239
1657784
1664008
1668439
1669223
1669974
1681782
1664469
1658998
1667221
1662916
1691419
1675058
1666844
1670770
1679492
1666476
1725626
1671128
1681100
1664271
1667284
1687577
1669408
1666953
1671648
1649023
1663595
1667473
1658536
1671281
1670175
1684173
1654615
1666360
1670022
1675456
1663912
1672040
1663746
1696439
1674071
1668960
1671843
1666251
1663122
1663471
1675552
1664166
1666719
1681420
1662242
1668435
1672045
1674428
1663052
1675016
1659305
1662403
1679530
1663289
1659996
1680234
1667003
1662664
1680327
1660321
1676889
1670724
1837944
1657972
1681896
1693386
1675242
1682935
1700809
1684695
1700047
1667220
1668948
1673651
1667367
1679707
1685164
1672721
1664324
1683879
1669692
1672818
1680105
1664960
1684870
1673554
1677026
1679369
1679005
1660918
1661084
1660912
1730826
1679452
1664946
1665975
1667955
1661876
1657321
1667570
1657870
1650723
1674612
1659632
1668299
1676754
1677520
1674470
1664425
1659877
1673455
1670329
1669176
1678619
1673507
1676584
1674891
1666514
1668626
1673843
1664631
1668874
1658075
1663157
1673578
1670608
1653996
1659976
1666121
1663089
1674253
1677779
1673547
1683043
1686048
1663071
1669265
1667519
1673326
1677521
1668976
1665625
1682722
1661518
1661555
1661929
1654692
1668893
1677241
1666981
1669196
1680811
1724572
1665362
1758366
1664727
1677660
1653249
1668064
1676117
1656004
1680128
1676193
1652948
1661860
1657590
1667313
1661231
1686921
1659623
1664308
1671503
1660677
1657462
1662477
1657617
1674616
1675959
1654032
1668641
1662140
1678184
1665610
1675615
1666043
1666461
1690541
1668806
1679905
1685056
1676577
1671874
1678142
1659182
1669672
1666325
1670363
1666992
1668823
1657926
1668093
1665292
1649087
1669559
1676340
1666610
1674392
1671889
1666134
1684961
1657205
1673373
1741771
1775277
1674891
1667472
1675204
1680000
1682149
1690254
1683371
1746073
1694855
1671048
1683523
1659486
1661919
1674564
1654173
1655137
1663118
1684324
1664442
1672839
1657107
1660024
1652816
1650213
1654256
1668674
1672176
1663015
1669787
1645374
1659959
1665316
1656981
1666424
1670949
1675603
1665272
1675129
1661186
1660505
1673808
1663831
1658922
1660461
1669966
1665235
1674746
1664605
1662068
1661183
1663122
1673318
1667681
1671363
1676590
1669650
1671513
1671872
1713108
1663131
1655966
1676008
1684232
1675300
1650940
1652982
1654376
1661682
1659385
1657886
1664169
1675780
1658995
1654141
1656425
1660581
1681581
1656137
1659437
1668892
1661398
1658658
1670236
1659895
1671229
1662523
1655982
1658853
1666287
1674984
1657496
1665858
1666447
1664715
1661829
1664957
1658157
1656296
1672244
1653120
1669743
1665769
1653318
1664884
1658722
1657711
1670593
1667693
1656630
1659869
1656644
1655690
1669020
1659084
1659003
1668902
1671354
1662950
1736733
1669193
1672681
1680908
1659065
1675657
1655182
1665867
1676984
1665958
1671103
1680612
1675188
1670135
1673920
1659737
1681264
1681010
1662197
1681534
1661587
1664468
1666041
1667607
1658808
1688686
1673618
1663308
1691745
1672309
1702581
1690856
1692336
1708147
1677558
1666457
1698333
1684639
1681651
1688368
1680712
1692666
1676988
1674517
1689970
1670103
1666108
1685247
1669257
1685927
1677644
1678920
1666743
1665867
1667141
1657523
1664516
1658826
1669704
1702693
1668942
1668212
1658888
1671715
1663841
1662614
1662526
1672920
1668212
1667094
1673289
1662989
1657748
1678110
1661982
1670727
1657997
1656577
1673288
1683247
1671065
1672637
1666983
1667318
1680891
1663134
1669117
1682625
1666323
1671291
1687358
1671975
1681429
1679770
1667043
1676028
1683667
1669265
1689586
1668830
1670018
1676092
1674528
1666188
1672768
1672196
1665212
1684155
1674517
1671087
1679397
1662777
1672757
1677272
1669899
1660192
1682750
1673350
1685818
1698925
1665067
1677675
1667950
1662656
1683613
1666014
1679313
1676692
1668947
1661558
1677668
1667925
1690618
1672612
1670285
1671934
1666646
1658082
1672451
1670111
1671840
1674940
1659547
1659190
1683633
1661103
1669999
1673640
1656620
1675022
1679873
1672325
1668937
1683997
1664818
1663820
1671344
1662928
1681346
1687027
1668540
1675552
1668563
1664078
1673970
1665224
1667707
1684595
1668439
1670373
1679608
1676104
1669179
1684585
1662268
1670465
1682519
1684505
1664717
2182031
1683300
1985786
1773520
1696164
1699463
1685089
1661980
1683426
1676573
1682313
1673929
1679891
1679483
1678372
1675640
1695031
1690651
1677332
1675309
1942158
1674319
1666326
1684637
1669230
1679285
1658379
1672949
1672910
1659402
1670703
1673130
1655074
1664606
1665998
1665375
1668783
1670302
1687583
1671251
1681584
1666724
1657037
1665701
1657044
1658769
1667900
1653397
1652663
1662636
1665584
1656163
1659802
1664378
1659947
1667885
1665013
1667229
1725016
1673063
1655064
1662887
1661745
1657697
1672420
1659396
1661652
1662239
1671079
1656557
1676438
1657682
1669924
1666854
1666378
1661323
1660612
1667907
1660061
1670350
1655730
1667713
1676418
1673615
1664397
1663616
1679112
1648934
1681900
1672765
1676776
1665506
1662120
1668306
1664115
1747405
1676009
1671555
1669250
1679257
1668924
1672444
1673830
1668651
1681875
1678781
1665133
1688182
1669436
1663612
1686031
1670400
1670639
1681751
1663403
1676350
1675849
1668582
1714936
1677461
1662319
1659136
1684564
1665910
1678019
1678912
1676771
1663671
1663444
1651117
1671795
1664408
1662692
1676326
1664949
1657867
1667143
1665455
1795543
1813748
1670167
1660888
1665675
1664850
1662924
1665140
1727786
1670887
1682940
1685843
1671478
1681577
2176320
1672615
1700327
1669586
1674200
1693214
1671857
1696104
1682956
1668499
1667544
1688910
1680094
1675274
1673495
1658997
1670549
1665911
1672180
1678927
1668226
1669932
1679749
1678537
1694901
1720751
1653903
1678134
1657450
1652982
1673279
1678552
1660778
1675392
1668864
1666596
1673545
1666384
1664509
1669267
1685552
1702347
1668662
1669753
1693711
1666630
1660636
1662073
1660800
1677767
1699816
1740671
1680057
1661090
1671790
1687235
1668998
1657289
1687729
1669516
1659581
1671955
1667546
1668179
1680650
1665046
1673778
1683328
1677938
1685577
1664829
1665870
1678776
1663411
1664650
1675142
1677955
1668002
1678556
1668939
1675030
1679623
1672743
1672738
1675920
1737980
1673473
1668689
1672549
1677394
1667933
1668530
1674877
1669729
1672734
1680951
1665255
1662888
1666555
1654705
1665478
1682505
1667296
1676115
1677304
1681627
1673658
1672479
1667871
1669784
1657358
1666498
1687138
1659814
1660655
1681923
1672231
1674765
1683625
1656756
1666583
1682103
1646170
1682702
1660240
1670094
1668152
1674990
1661184
1661016
1680427
1662841
1659516
1677024
1676829
1683805
1664226
1665732
1674234
1677040
1665620
1680441
1671238
1686759
1688355
1720898
1689502
1686287
1680199
1715551
1682026
1698663
1664529
1736158
1694004
1715947
1752169
1716369
1682522
1669678
1680141
1714564
1679169
1658845
1670359
1753602
1678483
1667614
1680073
1673543
1660708
1695432
1662006
1657925
1732163
1674336
1679419
1668447
1677364
1665338
1681054
1673309
1661462
1677928
1719499
1666766
1673733
1676400
1660462
1663934
1670779
1662312
1675321
1667933
1720432
1670382
1672995
1661095
1675216
1667407
1664243
1675722
1679036
1662784
1751502
1684729
1666155
1676448
1672727
1661211
1676758
1680198
1668102
1679772
1674788
1679065
1676624
1669224
1664076
1680061
1669531
1671073
1684275
1676414
1677000
1663031
1670572
1681721
1679657
1675582
1675855
1679625
1673174
1673338
1679909
1672356
1746814
1673030
1665804
1687110
1677352
1669709
1679633
1670984
1680882
1687576
1679194
1675453
1663387
1673124
1688507
1667290
1671789
1684030
1671017
1677554
1679370
1664975
1673926
1681848
1664561
1673774
1681235
1672457
1722974
1672153
1661987
1672125
1652060
1677363
1670496
1660006
1661081
1671654
1668700
1664740
1683853
1669745
1656418
1666203
1658825
1669359
1670794
1667698
1664862
1670682
1664457
1655601
1669403
1661928
1666836
2064641
1690356
1710842
1693433
1669876
1704516
1682938
1679906
1688699
1676572
1672682
1687351
1701561
1692725
1676399
1677619
1692069
1652675
1659444
1664634
1669764
1677312
1686687
1666032
1669469
1691676
1676011
1674488
1671328
1664611
1659071
1659411
1696556
1684858
1676877
1667990
1682602
1657836
1667917
1680753
1671154
1676275
1670961
1677476
1674649
1670950
1669722
1681222
1660872
1664220
1676479
1651356
1681238
1674215
1654261
1664928
1681140
1659218
1664141
1664467
1661956
1664705
1676858
1667395
1663472
1677816
1669060
1668966
1675734
1672922
1675573
1672377
1667741
1676680
1667604
1676735
1672855
1653833
1672516
1687635
1668265
1666987
1666026
1659413
1666261
1674923
1680137
1658686
1688367
1664870
1668903
1677914
1687903
1664369
1674732
1656545
1663085
1671280
1653893
1667304
1670623
1670689
1658170
1685345
1664132
1673757
1671953
1661949
1674099
1664595
1662933
1660488
1663875
1659070
1659138
1656428
1660955
1668015
1657751
1655586
1667132
1672830
1663819
1674800
1677022
1664732
1671451
1678612
1672049
1677904
1668739
1666360
1677788
1679693
1668381
1676758
1675017
1663881
1679145
1665093
1661575
1673490
1666068
1664705
1661568
1668707
1680471
1664881
1902366
2203211
1772014
1895857
1758288
1743496
1669911
1689366
1687109
1657756
1675696
1711557
1706714
1683718
1686439
1672239
1689560
1659766
1657616
1677254
1682294
1662973
1679441
1658195
1664353
1678225
1668544
1672595
1687367
1660642
1668067
1674125
1670898
1673441
1680596
1663194
1674260
1673938
1667522
1685396
1685955
1691685
1691087
1662043
1661213
1679026
1682242
1689418
1658553
1663741
1676586
1655818
1675563
1660783
1671627
1677358
1666080
1652938
1666639
1675922
1665136
1671489
1738802
1662528
1663571
1674601
1663497
1663309
1675703
1661708
1656983
1703463
1667421
1677353
1661081
1672405
1686716
1666500
1665601
1681509
1659673
1669527
1683192
1675551
1668990
1680517
1679972
1659948
1678152
1659570
1656874
1686307
1661311
1668887
1677758
1660981
1676869
1667367
1665160
1671816
1672607
1665802
1672599
1660451
1671475
1667720
1665661
1667120
1676366
1671554
1655660
1676613
1667086
1662830
1672759
1661079
1659306
1678761
1674385
1662913
1678053
1667752
1702987
1653832
1659817
1664771
1674742
1674918
1664779
1647606
1659665
1657283
1665132
1664247
1653667
1665933
1669795
1659602
1670206
1661224
1661139
1675195
1648985
1659822
1664022
1670379
1660337
1667222
1654347
1686354
1901240
1680604
1667214
1683826
1699318
1688706
1719437
1681736
1674223
1687327
1675223
1678432
1684215
1667402
1685872
1683005
1661990
1667576
1667273
1666783
1666908
1680402
1668753
1663551
1669796
1655999
1669427
1670341
1671639
1682572
1675709
1672589
1735026
1668703
1675981
1660343
1656111
1671163
1664439
1669741
1677880
1669243
1675691
1682879
1672217
1664578
1670545
1669326
1688512
1666112
1660177
1660200
1686248
1668326
1678629
1666420
1660742
1685397
1662518
1675779
1757019
1659382
1675493
1671277
1672901
1659495
1673125
1651947
1669630
1667858
1656901
1678968
1661166
1661590
1669772
1676779
1654264
1663930
1661771
1669207
1676847
1650949
1664848
1661894
1683690
1658621
1674810
1663962
1665380
1672263
1671241
1664688
1731774
1668518
1657850
1668061
1659322
1654819
1670531
1665769
1663356
1664817
1663243
1670620
1670888
1665631
1672117
1663251
1673215
1663581
1657392
1659057
1664763
1660812
1747117
1673187
1665585
1672183
1676685
1661996
1681578
1684352
1666970
1667226
1681932
1659666
1671615
1679773
1673527
1680478
1712182
1666687
1673458
1668040
1655763
1664593
1665835
1662954
1681355
1666903
1661958
1682175
1669962
1660081
1666365
1665958
1659472
1704342
1679532
1699294
1682696
1983515
2353936
1667309
1844634
1683869
1661668
1671430
1675596
1696716
1672839
1674363
1673705
1664866
1676596
1672700
1670095
1668109
1669087
1660401
1664120
1670173
1653936
1671876
1672733
1655769
1668909
1686613
1660225
1671151
1688498
1666632
1682183
1656914
1665198
1663556
1663096
1664450
1671853
1666309
1658644
1671520
1680976
1666192
1667645
1658547
1661061
1655432
1658292
1675374
1660488
1665913
1667567
1675649
1667444
1663919
1663466
1656170
1668104
1656379
1718080
1665529
1670884
1674272
1673254
1685215
1669692
1675024
1679692
1675615
1678122
1673450
1661274
1669376
1682357
1673561
1685454
1663321
1665695
1673700
1664382
1641404
1675605
1669897
1666963
1676302
1662682
1659402
1667361
1667521
1664625
1658783
1657085
1662919
1675440
1662040
1666735
1674444
1669025
1678823
1678107
1656011
1658906
1675470
1659156
1657529
1675586
1657613
1665125
1665844
1665320
1662228
1681383
1665721
1671556
1668324
1658997
1661883
1685153
1667901
1726807
1666074
1667609
1676233
1661803
1667009
1684679
1668863
1671758
1676488
1678669
1674665
1663672
1665751
1668615
1658305
1675669
1670792
1668248
1672320
1677350
1665955
1674218
1682538
1667196
1678108
1762271
1768172
1742738
1681459
1680724
1676640
1671991
1694827
1682281
1679603
1663971
1682749
1693056
1667522
1659201
1657941
1655828
1665874
1676990
1679915
1667802
1682645
1677050
1665116
1675188
1672790
1660445
1674161
1680645
1665685
1673636
1673239
1669289
1670782
1729219
1657914
1669140
1681218
1668028
1677361
1675836
1665155
1711352
1680806
1664356
1671122
1676217
1666021
1672088
1683527
1665635
1677041
1713505
1657499
1670889
1676719
1663696
1665028
1655359
1662638
1667507
1682196
1716449
1672697
1675224
1676451
1669667
1675027
1668588
1681008
1671029
1729582
1661119
1681566
1670508
1668996
1662256
1668090
1662431
1664580
1647052
1712785
1676863
1655506
1667045
1668451
1660617
1672332
1659088
1654875
1671433
1720711
1662383
1704108
1666355
1673403
1671686
1657434
1679516
1675776
1690171
1673324
1663878
1673236
1666708
1657151
1669960
1676127
1662806
1685173
1670717
1663122
1665356
1678011
1665457
1673004
1687932
1661476
1680327
1685535
1667420
1665805
1680839
1664204
1670247
1676587
1662888
1682409
1665722
1668945
1672804
1671262
1671763
1673621
1666906
1671064
1682942
1662004
1669916
1676101
1684326
1677310
1672416
1688083
1670188
1695996
1674656
1674146
1719351
1662867
1681066
1699387
1674494
1742147
1682609
1668848
1697748
1686981
1690314
1678405
1666832
1687432
1675157
1669837
1681940
1655478
1676224
1678261
1678336
1665395
1674755
1672523
1671195
1674840
1671174
1683224
1670803
1663661
1667604
1666638
1672595
1670033
1669471
1670687
1682976
1676805
1660833
1672899
1770775
1752475
1670221
1676345
1658896
1668739
1676648
1659391
1663560
1689292
1666298
1661686
1677640
1662370
1667063
1682410
1671675
1667453
1672574
1684575
1660106
1677219
1666409
1665381
1674484
1718555
1672670
1665200
1675964
1679626
1669293
1663670
1673636
1676290
1669534
1680004
1658584
1679299
1679235
1662714
1660126
1665437
1669291
1665535
1679780
1661960
1686320
1666716
1670660
1669947
1677062
1657378
1676890
1673193
1662511
1675792
1665203
1671073
1675051
1668582
1671618
1676629
1662309
1672148
1675594
1662803
1672957
1678040
1660016
1675042
1677266
1663231
1682819
1669914
1666562
1680124
1665917
1666954
1676998
1667656
1666655
1692724
1670716
1668699
1709811
1669492
1668260
1679148
1665430
1664689
1675898
1659989
1673189
1668534
1659379
1673285
1668276
1669321
1682365
1680057
1669410
1674945
1671335
1668458
1680698
1676117
1670164
1678078
1678604
1676677
1672371
1689953
1691786
1670296
1670506
1686357
1671103
1697023
1665376
1676033
1695496
1743166
1674185
1696310
1674368
1685582
1731352
1679772
1694394
1660488
1671496
1715989
1661472
1667885
1655160
1685995
1668069
1654192
1662413
1669642
1651473
1722761
1687943
1662900
1732135
1671364
1670668
1671920
1667149
1668144
1676840
1669582
1672631
1680005
1664772
1679856
1686932
1678947
1783406
1658405
1663120
1672228
1655166
1660444
1669544
1670117
1661507
1677265
1661453
1663703
1690475
1661908
1681643
1660551
1669082
1671290
1661234
1660897
1674234
1681979
1668888
1660555
1750656
1674216
1664476
1648405
1665876
1664575
1670546
1664994
1675318
1671758
1660015
1665592
1739790
1664725
1663347
1670719
1662080
1662675
1657014
1669248
1662200
1667800
1719833
1672622
1679369
1676464
1660693
1667767
1676455
1666621
1675913
1668555
1662667
1684153
1656380
1694546
1679333
1660301
1665739
1676811
1664696
1671438
1685039
1669668
1668287
1679996
1662039
1667683
1676072
1663136
1665814
1690090
1668001
1679247
1669510
1659609
1685574
1673624
1663303
1674963
1674427
1666168
1677033
1671805
1670431
1683400
1666905
1670175
1906972
1690117
1664911
1663387
1665504
1665096
1663887
1676123
1688481
1673482
1709020
1683512
1686133
1719697
1657005
1680546
1669601
1665043
1692791
1674440
1681676
1744262
1658506
1688648
1824282
1972702
1677506
1747152
1678842
1668924
1669067
1687439
1672972
1680863
1675903
1666444
1690310
1667419
1671072
1676968
1668955
1662208
1670762
1667070
1655706
1683998
1669035
1663715
1675996
1660047
1668050
1674244
1665928
1657331
1682709
1660049
1660540
1749841
1666535
1663760
1660593
1660531
1650201
1690395
1669524
1660794
1666992
1652776
1674922
1669659
1664977
1684544
1714709
1679889
1675598
1660653
1654651
1674276
1659549
1678318
1687795
1662400
1670618
1679327
1662115
1673828
1668932
1656939
1666768
1684584
1668665
1674549
1668305
1673581
1670761
1671215
1673438
1677800
1670315
1704371
1663171
1665810
1660483
1658955
1660637
1657923
1656336
1667812
1660050
1672892
1667181
1661048
1693084
1664384
1653830
1657467
1661970
1669282
1662929
1672911
1663865
1654254
1669048
1662710
1653820
1667108
1655742
1670634
1664950
1688868
1660854
1671778
1729657
1673798
1693663
1670764
1670404
1684330
1668196
1665230
1682650
1665877
1677741
1688844
1666830
1681636
1670993
1665954
1673053
1665501
1658646
1668814
1681800
1661151
1655853
1675159
1667960
1686158
1722027
1705934
1698673
1690641
1696117
1672886
2026984
1689104
1697306
1684782
1753309
1722255
1712022
1666626
1666123
1662724
1657818
1675443
1670104
1661296
1771037
1686225
1665305
1690247
1668307
1662380
1672311
1659889
1663291
1687312
1723242
1742692
1683386
1726831
1674684
1675878
1666367
1677589
1679292
1689272
1659971
1668221
1660465
1667066
1668815
1667193
1672119
1676848
1671538
1657877
1662911
1676263
1669027
1662503
1682563
1663781
1680751
1671269
1662167
1668799
1676789
1666770
1674325
1666068
1657310
1688557
1659273
1671207
1681468
1662129
1665651
1666583
1668953
1663315
1692336
1659582
1673544
1684568
1666775
1660595
1677498
1659331
1667116
1677005
1661642
1672238
1682569
1668005
1670389
1677183
1663889
1660785
1682149
1706157
1673821
1661453
1672396
1679136
1669366
1674167
1676929
1682230
1674224
1685845
1668611
1674295
1670214
1669271
1671553
1669119
1666775
1675257
1670219
1670396
1682631
1667724
1675709
1675421
1675831
1669711
1676441
1669794
1668732
1676580
1674807
1664899
1669345
1671427
1683500
1667415
1669698
1677902
1661795
1672037
1675755
1668063
1672471
1673022
1673466
1674344
1680234
1668997
1669150
1681177
1666058
1673415
1688590
2030052
1689297
2163044
1668121
1671227
1740836
1673832
1713825
1671172
1689438
1684971
1670084
1708188
1668606
2090912
1669359
1693879
1678587
1702496
1683050
1671629
1685101
1670947
1667505
1766440
1722287
1688473
1713482
1685120
1675705
1678022
1672201
1671907
1660196
1677141
1663788
1664397
1660430
1691155
1674475
1674557
1655203
1674255
1668198
1672127
1662139
1675449
1671874
1665972
1655212
1661926
1679338
1651782
1657409
1679306
1660494
1662129
1654809
1654331
1667669
1658485
1656798
1653285
1673863
1727051
1669559
1678471
1666349
1676242
1683475
1663997
1656596
1671040
1663509
1653212
1673705
1663411
1659774
1681376
1661880
1658370
1660726
1666355
1660534
1669452
1647409
1671136
1683840
1664983
1666782
1666835
1663228
1662726
1667859
1664571
1652303
1683031
1658762
1665441
1666522
1654365
1663843
1658377
1661250
1663165
1664621
1662115
1657828
1644124
1662577
1676035
1685116
1684816
1697416
1670937
1677404
1672146
1670654
1672264
1665477
1671960
1679294
1683126
1673866
1727335
1672702
1674675
1663242
1666869
1675742
1655280
1674094
1683570
1666822
1667372
1671893
1660247
1671267
1670457
1666683
1675565
1667476
1663560
1661565
1676913
1660811
1668718
1689841
1693876
1699355
1692720
1671781
1685765
1721040
1673854
1728684
1695752
1688266
1715826
1700977
1695691
1698563
1679385
1686841
1689023
1689690
1684415
1682498
1664732
1675276
1679372
1672978
1666465
1682320
1665294
1683086
1672250
1669774
1682468
1672892
1664451
1686362
1681115
1663533
1726550
1673167
1668876
1656270
1655336
1677584
1668646
1659727
1674793
1664315
1688616
1684282
1672589
1663810
1677100
1682578
1670267
1665187
1690159
1674135
1680262
1669886
1667083
1682997
1667083
1671477
1682954
1690748
1668139
1679531
1668814
1675714
1676888
1670624
1674984
1666812
1681833
1665873
1666282
1677235
1682435
1664109
1674571
1679329
1666530
1682353
1672218
1654229
1667294
1700866
1671663
1674903
1683011
1660372
1685035
1662380
1665108
1674601
1665109
1687637
1670295
1668330
1666284
1688501
1667239
1667871
1673168
1714973
1780985
1835578
1871170
1818391
1869963
1665768
1656436
1684031
1670391
1652905
1682311
1736744
1780604
1772879
1808237
1733923
1782643
1754297
1775323
1803569
1767300
1768831
1756608
1867688
1810661
1752811
1779408
1798326
1669294
1690733
1673431
1672652
1673524
1666213
1668446
1671128
1665721
1648744
1684120
1662620
1661611
1673020
1671428
1716512
1711583
2194716
2334015
1762164
1703143
1891772
1934558
1822984
1696206
1892911
1674598
1967043
1712972
1701428
1683276
1685989
1700703
1670738
1687420
1710320
1664032
1672462
1654818
1661292
1657374
1682611
1680226
1676937
1688543
1696114
1674311
1674655
1700604
1675353
1688061
1682517
1664757
1689612
1670589
1684196
1700961
1686011
1674728
1667685
1679112
1691675
1671797
1655313
1683236
1686000
1678998
1684631
1671075
1658940
1695333
1715203
1681424
1660271
1678058
1663911
1681359
1678452
1687039
1715068
1683207
1656015
1677718
1662597
1870379
1716211
1654141
1656297
1657747
1695343
1670193
1706502
1665412
1690162
1789650
1844476
1661731
1678461
1681077
1677946
1661578
1674120
1668987
1671867
1676899
1669425
1680602
1684317
1663688
1659949
1674166
1670698
1666458
1683275
1669104
1669109
1664708
1667906
1648135
1676238
1667188
1647633
1682022
1665774
1679226
1673662
1664932
1672386
1674532
1665281
1659535
1678178
1667852
1688728
1679132
1674734
1668898
1675168
1679641
1747399
1668436
1664826
1687641
1670773
1682345
1672522
1666983
1665356
1678339
1664781
1669091
1692029
1660892
1680436
1671366
1670701
1670529
1675518
1664762
1680617
1684239
1686699
1684329
1713992
1708726
1672559
1896883
1746422
1711230
1698528
1705065
1674082
1812304
1731855
1767341
1760487
1682136
1687497
1682255
1671835
1665853
1676535
1670759
1667295
1690985
1673633
1685053
1673154
1672152
1678681
1678595
1670935
1682277
1687755
1688776
1714391
1678678
1665161
1703532
1661886
1656380
1668988
1667544
1680579
1662812
1674941
1683029
1652988
1654919
1666921
1677498
1680046
1664600
1678872
1665485
1651397
1685826
1650298
1656407
1680198
1662718
1672015
1682801
1658675
1664876
1653555
1663115
1669911
1656512
1667740
1666316
1676963
1672691
1666155
1669005
1679172
1663444
1666660
1676171
1672785
1687276
1670424
1667141
1666750
1676505
1670483
1653600
1674743
1671608
1682304
1664032
1665663
1665985
1660204
1663155
1672241
1680983
1686838
1675939
1675700
1672246
1682117
1660412
1676439
1684584
1655706
1680470
1685599
1651743
1680614
1663606
1664510
1666679
1671310
1675858
1686486
1677347
1671211
1666573
1670599
1663737
1673660
1678548
1664725
1680600
1690077
1659921
1677972
1670932
1672598
1677033
1673901
1664452
1673216
1661809
1662101
1676879
1681966
1674034
1677861
1747910
1709198
1741306
1742204
1807760
1758671
1661452
1669309
1684937
1684810
1909630
1729928
1682228
1748926
1704541
2457776
2014876
1710155
1699061
1705822
1694628
1681453
1701553
1699371
1680423
1683020
1696122
1727469
1714561
1666599
1680502
1688771
1692251
1692367
1681166
1673689
1714795
1683745
1704990
1693467
1693670
1689862
1687647
1697075
1683263
1699544
1698688
1681739
1713136
1660228
1668595
1678805
1679020
1682702
1688267
1665747
1689397
1673310
1680912
1664996
1672147
1667978
1680257
1697151
1680690
1674223
1670147
1683876
1675888
1684401
1676402
1659562
1698029
1693995
1694843
1750996
1681099
1686376
1683429
1673633
1682962
1680689
1680175
1671090
1674131
1682801
1674308
1669771
1687399
1673614
1672457
1687878
1671870
1679085
1665590
1673864
1682484
1662671
1684984
1693971
1672559
1679184
1681585
1673834
1675997
1686475
1671128
1687063
1669106
1668784
1679470
1671960
1661500
1674287
1671855
1671649
1676297
1667278
1671610
1681143
1676684
1680440
1686939
1668154
1675677
1671599
1678582
1674712
1661641
1673742
1670712
1664706
1670857
1677775
1718155
1670710
1668454
1656845
1659205
1675990
1669255
1676957
1654041
1684165
1678617
1676579
1677671
1677153
1665319
1657950
1671212
1668219
1677516
1674846
1668435
1669534
1790542
1752663
1710204
1689338
1783031
1713278
1751893
1678327
1756822
1772048
1896173
1832710
1788757
1825415
1702631
1683727
1666971
1659826
1667284
1654876
1661209
1658638
1671289
1663698
1669696
1660610
1649219
1665751
1666232
1659825
1671034
1683973
1659732
1681172
1683005
1659635
1672521
1714526
1679618
1682621
1671662
1670603
1663507
1667453
1665419
1670615
1666433
1660190
1671813
1666093
1684917
1666697
1660120
1673332
1657735
1670306
1672345
1662580
1666333
1669332
1667523
1667421
1665640
1664909
1656951
1674770
1672719
1665547
1668423
1663951
1668323
1675092
1672783
1680795
1678392
1668258
1675499
1686174
1669977
1675341
1682487
1673525
1674330
1702113
1701065
1673876
1684788
1671873
1685589
1668371
1679768
1681056
1671113
1682445
1685255
1664899
1678339
1731230
1669897
1670745
1670890
1665367
1692794
1673136
1664006
1669903
1663497
1662697
1675354
1674345
1667658
1681074
1675985
1670806
1687301
1673926
1678058
1662755
1674450
1679174
1678384
1670553
1676129
1681776
1661420
1685508
1659189
1669908
1673873
1670314
1663813
1686304
1658716
1665386
1687157
1667091
1669553
1668206
1683204
1672453
1660671
1670144
1672529
1669798
1670450
1678368
1669341
1673932
1839443
1744468
1704008
1768445
1689346
2021463
2632441
1901853
1724150
1662575
1670936
1685272
1670559
1674617
1685882
1675722
1685363
1680538
1666698
1670997
1672540
1669704
1675312
1665462
1662628
1691444
1669191
1661274
1677651
1659758
1669166
1678821
1661771
1669123
1690436
1668742
1673347
1680077
1666695
1664861
1684542
1662634
1668383
1691933
1669008
1680942
1676839
1659411
1679132
1673672
1671448
1692403
1660685
1655298
1676121
1677345
1664527
1671260
1669473
1669673
1671729
1662724
1665776
1674399
1664920
1668617
1674209
1743416
1691584
1672081
1674626
1686158
1665961
1675358
1681087
1665887
1666831
1676380
1673462
1679939
1659057
1670543
1658733
1674204
1662196
1676791
1662170
1675712
1669308
1662437
1669402
1674378
1657557
1680200
1674641
1673740
1661724
1674513
1661321
1665078
1664058
1673579
1675589
1678086
1664336
1678692
1652535
1662260
1661502
1676034
1655536
1661164
1685063
1655275
1664361
1671150
1660622
1677818
1678345
1667891
1666146
1676134
1676400
1672798
1671758
1666282
1667149
1715261
1669383
1661040
1663094
1670306
1666974
1664816
1655531
1682712
1665891
1671129
1675210
1663384
1674739
1682397
1664376
1660341
1661234
1667138
1661560
1681688
1698973
1683820
1702039
1692214
1702047
1711515
1779664
1759016
1682055
1671094
1929072
1899002
1670011
1787714
1666434
1779528
1678316
1676829
1674767
1680998
1667275
1680254
1668748
1659183
1677231
1667034
1668566
1671239
1676782
1672547
1668873
1672221
1682114
1677483
1669137
1693121
1665878
1677982
1711915
1672715
1676644
1680431
1668970
1669296
1668887
1661858
1676595
1682299
1661748
1683599
1670202
1663698
1672465
1674889
1669558
1684841
1669499
1679913
1663997
1665601
1686651
1660559
1671614
1682559
1671837
1664935
1684334
1654050
1676676
1678123
1662654
1662312
1685210
1707194
1790223
1744743
1795010
1747829
1787416
1814818
1799080
1798672
1807015
1735118
1751227
1662574
1655191
1660952
1662120
1675069
1656189
1666158
1667524
1655202
1673806
1666985
1668782
1707176
1692890
1673898
1664908
1670412
1678566
1674901
1699915
1673012
1667744
1683697
1671085
1661160
1676882
1662329
1666587
1670635
1666966
1668060
1677571
1678060
1664080
1672186
1659298
1656174
1661601
1659304
1648938
1673261
1662151
1656791
1667071
1673045
1668724
1672639
1658019
1658338
1685573
1661932
1665993
1673603
1665147
1664525
1668698
1655806
1662446
1696744
1676859
1667423
1683237
1680333
2009192
1722133
1704350
1681850
1706269
1677266
1702066
1719688
1728442
2628521
1863021
2193332
1701277
1690914
1702591
1663256
1672414
1667561
1660196
1666455
1655919
1676656
1656075
1652217
1660933
1657642
1656605
1669786
1671877
1670471
1684282
1662546
1665791
1672079
1664605
1666233
1675063
1669167
1695312
1673203
1657049
1671708
1683454
1669999
1664773
1676936
1661139
1674389
1669194
1659889
1654644
1675400
1666174
1664906
1671085
1661077
1675826
1674227
1665644
1663972
1672635
1657010
1658296
1681437
1667528
1681652
1673058
1699757
1686901
1675399
1664561
1679248
1670310
1663351
1685802
1662005
1674896
1665579
1654064
1674631
1665617
1665929
1678521
1675177
1669341
1684920
1669259
1666175
1674422
1656377
1666802
1672461
1676845
1667248
1687495
1663102
1664964
1676124
1672617
1661362
1672748
1670523
1685563
1668302
1663598
1671080
1663153
1669231
1675572
1661482
1676950
1679459
1674973
1667424
1678543
1674566
1673446
1678647
1666055
1673104
1670429
1674792
1678157
1664316
1665158
1678589
1661168
1707067
1688573
1667395
1673163
1699845
1673103
1676180
1668039
1671040
1679802
1676925
1669161
1677046
1671410
1674674
1689140
1667087
1678587
1682492
1670300
1700749
1693741
1684118
1697798
1686660
1679604
1699935
1699857
1742561
1715387
1687310
1671192
1678705
1718754
1673387
1673879
1671344
1671150
1675527
1664911
1670452
1679900
1660681
1674813
1678456
1666539
1669967
1675777
1672051
1680167
1677128
1727460
1673781
1671585
1657403
1673104
1671341
1657737
1681617
1739678
1674002
1688119
1671336
1676875
1665680
1667246
1687375
1670086
1661248
1670982
1664622
1668497
1675309
1664784
1680059
1679110
1659664
1658899
1673188
1667921
1664246
1684527
1669478
1660662
1673057
1665468
1666980
1671326
1661498
1660474
1687395
1655378
1659692
1680919
1658066
1668620
1672197
1660095
1662382
1665103
1665326
1670875
1654923
1651774
1663028
1675229
1652476
1692350
1676346
1667162
1667465
1672722
1665910
1676965
1672599
1667164
1678955
1680163
1672701
1738010
1673084
1682600
1675993
1670132
1682402
1668462
1673781
1671263
1670544
1659143
1675839
1669240
1678768
1693542
1721909
1684105
1667297
1664591
1670755
1657918
1667717
1670789
1657630
1670458
1676011
1658439
1660599
1670422
1659273
1686182
1677746
1660339
1683337
1673546
1667679
1666851
1681557
1660472
1659240
1681408
1669054
1659241
1674801
1745059
1665670
1665161
1668612
1658352
1668783
1676732
1869121
1708138
1671723
1688843
1700391
1677981
1714626
1684858
1678140
1765715
1744206
1692811
1707905
1674138
1655834
1670254
1656826
1658623
1686341
1679471
1666340
1668005
1668446
1663050
1677649
1669212
1674246
1675285
1652324
1666146
1668353
1668135
1668923
1666092
1662599
1655217
1678954
1674033
1678327
1666854
1676875
1663523
1680128
1711698
1692709
1666151
1669637
1665225
1664636
1664332
1683389
1668916
1674481
1679556
1667971
1670715
1677881
1665886
1669133
1673492
1673116
1663263
1667261
1683459
1655017
1673556
1668973
1659949
1731727
1660185
1673279
1686822
1662796
1654105
1674177
1675319
1659181
1675616
1659732
1673637
1688840
1672379
1675044
1667275
1694030
1671814
1650617
1662382
1676470
1665563
1675886
1672820
1658523
1671770
1674754
1663968
1669917
1675893
1673367
1674464
1685862
1668582
1678496
1673132
1670724
1663003
1672380
1668368
1681767
1667876
1654413
1659053
1663780
1666492
1684186
1672848
1682218
1683257
1670197
1673976
1675499
1668502
1659207
1665962
1657728
1671234
1670268
1669630
1742349
1653671
1656557
1677217
1650033
1665859
1678309
1657201
1659172
1677402
1669247
1659438
1668596
1660397
1662449
1675147
1672151
1675069
1686363
1675868
1682267
1868793
1690700
1668443
1668669
1684822
1720511
1745663
1676839
1669111
1674741
1689158
1702991
1696279
1687571
1690098
1666003
1664589
1678170
1671976
1667276
1686621
1661455
1655810
1677319
1664734
1667136
1674154
1667918
1665357
1674204
1662190
1658553
1678945
1669206
1667918
1659405
1671025
1668642
1740815
1809329
1786662
1681617
1668611
1667501
1676845
1663661
1665278
1676317
1660715
1666464
1685900
1669195
1669639
1687740
1661393
1671803
1692674
1672204
1666494
1688815
1656425
1657407
1671882
1662030
1664178
1692375
1671137
1677765
1665229
1674488
1659602
1663647
1670961
1678632
1668235
1671134
1673975
1666662
1663297
1669271
1648784
1660731
1665888
1676172
1663002
1669555
1659155
1665881
1671791
1675650
1668133
1667337
1677921
1662729
1661973
1679256
1665145
1680305
1711629
1686120
1664606
1670807
1681122
1664319
1664397
1675904
1677704
1668708
1675988
1661282
1674347
1666674
1671126
1669170
1674070
1672674
1676513
1671822
1668800
1682628
1672705
1675354
1679005
1666167
1657829
1678072
1666042
1669185
1671740
1663440
1665348
1674542
1663414
1679641
1654216
1661792
1657271
1659497
1664472
1675274
1666851
1666518
1662241
1658862
1661015
1680074
1663795
1673554
1694770
1695719
1675434
1692600
1683197
1693057
1766669
1701136
1678728
1671305
1733167
1674998
1672923
1677447
1659694
1663159
1670738
1669859
1658941
1665630
1663660
1667526
1672802
1664330
1694349
1654920
1675310
1669077
1671385
1658685
1741752
1661938
1661909
1678439
1659273
1662324
1677856
1654645
1675741
1691430
1667339
1674313
1683348
1664646
1672528
1669464
1652859
1669411
1665170
1684975
1648531
1684243
1662062
1657869
1652598
1664788
1655385
1669692
1660943
1653969
1673725
1663328
1671533
1655809
1669461
1663184
1665997
1671538
1650911
1728391
1678810
1668235
1671681
1679559
1665011
1657421
1691064
1655852
1677285
1674072
1662947
1669753
1685206
1661416
1678933
1684422
1671014
1686635
1664837
1671205
1668177
1669123
1668807
1663764
1677409
1670310
1662190
1661828
1670320
1670496
1674920
1666102
1662103
1673481
1684433
1663879
1655929
1684101
1657062
1668789
1683739
1660793
1667158
1690798
1678033
1683844
1672858
1665952
1680352
1693919
1678029
1674593
1682781
1672562
1667304
1675467
1680563
1667463
1672815
1741027
1664240
1674561
1672275
1668839
1664680
1670310
1663346
1654397
1673385
1678179
1674704
1683147
1676560
1665054
1677177
1680933
1665504
1688120
1669937
1758067
1668074
1667803
1695539
1667547
1735260
1751673
1670199
1691079
1679480
1681182
1710360
1674875
1671861
1680795
1687876
1681954
1673779
1695202
1686579
1676022
1701898
1682842
1676135
1662569
1667715
1704803
1699577
1662599
1665321
1676015
1663321
1674322
1677566
1666629
1671612
1689122
1674560
1670611
1737061
1668930
1678480
1667283
1672074
1690211
1671077
1675628
1686475
1658968
1671251
1670952
1671786
1651535
1665497
1676063
1688993
1666835
1665106
1665340
1670851
1657164
1669704
1675675
1669376
1668654
1671630
1684926
1665501
1672378
1734174
1677753
1753455
1665494
1668153
1664814
1666641
1666910
1660729
1665743
1673727
1666540
1672308
1676901
1669299
1664618
1673330
1663453
1663803
1677389
1674901
1655282
1670559
1663839
1660713
1667902
1673015
1667060
1661616
1677225
1710081
1672934
1684409
1671832
1679914
1671114
1665608
1669339
1674369
1666392
1675689
1667906
1664210
1672184
1668485
1665867
1672114
1676960
1669252
1669035
1671132
1659735
1681182
1670302
1665464
1675880
1676497
1666377
1700351
1669010
1683314
1663275
1666859
1668989
1668867
1675926
1680621
1676115
1666940
1673704
1674488
1673165
1675363
1659633
1681755
1677054
1666477
1664627
1683760
1674681
1676079
1686509
1712499
1689251
1760669
1671799
1685256
1682248
1677555
1775438
1677336
1693498
1717940
1681125
1699112
1668629
1696017
1699585
1679556
1670105
1676428
1683695
1673866
1667126
1676385
1650577
1653307
1675606
1664089
1661961
1676155
1673621
1661727
1659314
1654868
1662924
1663004
1657303
1673054
1666906
1665264
1662477
1667996
1666359
1659550
1669763
1667672
1673040
1665384
1675152
1669768
1668403
1674803
1657613
1671172
1672261
1669557
1668747
1661768
1664138
1656154
1666127
1671335
1669702
1668196
1687200
1670010
1666295
1663834
1704294
1669600
1663674
1662886
1671728
1673725
1653788
1667006
1661458
1658433
1662007
1661532
1661305
1677744
1671926
1664222
1666024
1656951
1670909
1678038
1669264
1667092
1681876
1667287
1668677
1671572
1663915
1661961
1679437
1677595
1660629
1661324
1674027
1681446
1661500
1669344
1680910
1667837
1679083
1676813
1666210
1689198
1661529
1667323
1674483
1675941
1666991
1673344
1668425
1655414
1694429
1660577
1661192
1675554
1671208
1657153
1676853
1669763
1664452
1683267
1693738
1670366
1673464
1666631
1673983
1670726
1655292
1657085
1719354
1657003
1669886
1651802
1660141
1675753
1653656
1670728
1653767
1685548
1676183
1691604
1663268
1682217
1692664
1671157
1693168
1685032
1673267
1675568
1697615
1676572
1689588
1658807
1651088
1676344
1684785
1673840
1681344
1671598
1677906
1669607
1668785
1678914
1669372
1672921
1684948
1685601
1666984
1676369
1672677
1664780
1674667
1659654
1666358
1663143
1660014
1667264
1668907
1663625
1660917
1694196
1671049
1671575
1676788
1669643
1675743
1671116
1669435
1690013
1660170
1663546
1693998
1667643
1670714
1682460
1663064
1676100
1669972
1663883
1676471
1688735
1670496
1678495
1659008
1670372
1671165
1672424
1672625
1679576
1672875
1658233
1669876
1665658
1677743
1674808
1670466
1659680
1670830
1683124
1673373
1675333
1667668
1664817
1674488
1673094
1680205
1674002
1675049
1680451
1669394
1663593
1677505
1653321
1667399
1672415
1668050
1670885
1675148
1671926
1668662
1723262
1664992
1671413
1671673
1659726
1670878
1667520
1661641
1671140
1660413
1659541
1665176
1672886
1661040
1682395
1667025
1669548
1675741
1655634
1667494
1664015
1670854
1671075
1684536
1667655
1660257
1678030
1680224
1666698
1681571
1665526
1680812
1669170
1672508
1680364
1680497
1669270
1679839
1678602
1667864
1681352
1665823
1665516
1679148
1675727
1669079
1674707
1691620
1684986
1680228
1684183
1694867
1671386
1701410
1679949
1696980
1689683
1667735
1702691
1689204
1725293
1779863
1661790
1676903
1678628
1656510
1661244
1684877
1662592
1660445
1658748
1659690
1678721
1666658
1657512
1670502
1661417
1670384
1674156
1660359
1660237
1675173
1665530
1666748
1672450
1682689
1669745
1686202
1672468
1673869
1673991
1666188
1664985
1659588
1677691
1668571
1672681
1659175
1650693
1672052
1674983
1668972
1678559
1676006
1674782
1667912
1670269
1668193
1662851
1664334
1668863
1665135
1681293
1666487
1662255
1664802
1671157
1654937
1671039
1730784
1688355
1678186
1680424
1669614
1675574
1672204
1683225
1676897
1665725
1709503
1672571
1664724
1676425
1764678
1667190
1670314
1699321
1667137
1700810
1725808
1675950
1666467
1668146
1671234
1684115
1685975
1672670
1668017
1668601
1716968
1679913
1676663
1659096
1663420
1672323
1662995
1684314
1671431
1717968
1663912
1677736
1656712
1681586
1676329
1662336
1668748
1670604
1667352
1732976
1667003
1652360
1660235
1660272
1669871
1695126
1667834
1653966
1671290
1705429
1759838
1685543
1671757
1683289
1672813
1670047
1677898
1679200
1681265
1662589
1677631
1679919
1673102
1675070
1683164
1674066
1671584
1703470
1672100
1683164
1686934
1684614
1696305
1675167
1749721
1688363
1668457
1686397
1693358
1685125
1733103
1672651
1680092
1665983
1663872
1674520
1678144
1669429
1679298
1678057
1663598
1679161
1671858
1659506
1661812
1647815
1660123
1682856
1669969
1655974
1665808
1688144
1686159
1675996
1669638
1673612
1655723
1670462
1670280
1705650
1662670
1681334
1670058
1684361
1688352
1680127
1699564
1678255
1675254
1744907
1667005
1683898
1665192
1658326
1672307
1672858
1665115
1673919
1666124
1659815
1658120
1871042
1679676
1667389
1666996
1674502
1657048
1667308
1672460
1659613
1674288
1670794
1655345
1676780
1661176
1662061
1745218
1666931
1663173
1675079
1665453
1667616
1688051
1675301
1680810
1664959
1674038
1670040
1669069
1682135
1686192
1663932
1670799
1682880
1664924
1668724
1683010
1666135
1682236
1730357
1672173
1690657
1659942
1658265
1656521
1659300
1654792
1676964
1682799
1660675
1672121
1668121
1679865
1667834
1669214
1668565
1680020
1673883
1692146
1759780
1718169
1808162
1769584
1718450
1696601
1787768
1663686
1707073
1703579
1920098
1847015
1723461
1733957
1802595
1824973
1733474
1664894
1673105
1658817
1672757
1663172
1687334
1659499
1678806
1683971
1696576
1801424
1700463
1703274
1695077
1710302
1756660
2048736
1821179
1665356
1681539
1867719
2119555
1850744
1673225
1695657
1666096
1677246
1662644
1666636
1673866
1671413
1661513
1673903
1668711
1732808
1783209
1740005
1787069
1759625
1741677
1770428
1759997
1811714
1772815
1765032
1747161
1786210
1741750
1749002
1669182
1771577
1751080
1783008
1700329
1772442
1755775
1704571
1722482
1686598
1672887
1732555
1850110
1743612
1678946
1685839
1663942
1657462
1661570
1665553
1671400
1662235
1662049
1672475
1650471
1650275
1666693
1672385
1662893
1659395
1711194
1673690
1681975
1683197
1667363
1654534
1678713
1663137
1664502
1668616
1683306
1661572
1655282
1702255
1713660
1695920
1774135
1749356
1774508
1818960
1721192
1768845
1734486
1798587
1747044
1785073
1756370
1785834
1722151
1729178
1724108
1783395
1830617
1731812
1723292
1820042
1737557
1663968
1666956
1676718
1663663
1678035
1685945
1663162
1680713
1684343
1669591
1669529
1678996
1670745
1683559
1675789
1655633
1671067
1708527
1709326
1708984
1803604
1854843
1725096
1679271
1678013
1682307
1669642
1678845
1678142
1668874
1680846
1667387
1675154
1676499
1666409
1673153
1678444
1687806
1793653
1747633
1704535
1807019
2426088
1714222
1933962
1722322
1729564
1948375
1721047
1740706
1990741
1713196
1671405
1658135
1678717
1668755
1681602
1679303
1660883
1675513
1671777
1664201
1670904
1678871
1663566
1663804
1678834
1665373
1672900
1678927
1660071
1671334
1659908
1659360
1677689
1666220
1693225
1679060
1677552
1676860
1723245
1673671
1734331
1668470
1665707
1673510
1667505
1665179
1670379
1665116
1666833
1687043
1669959
1669926
1678873
1677099
1687211
1660995
1670165
1662406
1678528
1666991
1685788
1657555
1676290
1673751
1664970
1670613
1680502
1675038
1671250
1680411
1674573
1660991
1679259
1669846
1667284
1679672
1673367
1670909
1682784
1654773
1666255
1672999
1673042
1668123
1668063
1670231
1683012
1663168
1672285
1671644
1673228
1667592
1678371
1666483
1683301
1675913
1675375
1726829
1670455
1664176
1682172
1675757
1668524
1689217
1660612
1672683
1677779
1664513
1672115
1680079
1667330
1667818
1685084
1674510
1672183
1674724
1657844
1676002
1665217
1666755
1680196
1683150
1671489
1672658
1666593
1660293
1683828
1665510
1681061
1682590
1679199
1664090
1675047
1670012
1670014
1672356
1663261
1669770
1694434
1661990
1675229
1675608
1684542
2426892
1693914
2043661
2086458
1675886
1680711
1751127
1913992
2234447
1713962
1709751
1705683
1768899
1741713
1674770
1694423
1663358
1663948
1687655
1669471
1668675
1683473
1666500
1675941
1681379
1671437
1660013
1668361
1669279
1662524
1682247
1656910
1666170
1675864
1667251
1668605
1679653
1682211
1709241
1671371
1659374
1672100
1661243
1669458
1674319
1667773
1663849
1693190
1667607
1663026
1679595
1667672
1677076
1677024
1659068
1668046
1680228
1663520
1661132
1667718
1661338
1650761
1666170
1660311
1666040
1670570
1665550
1662100
1674594
1658860
1660231
1690604
1692244
1669948
1680474
1662447
1677328
1657186
1674454
1678919
1662271
1661344
1675343
1677178
1670855
1678870
1671877
1669778
1679279
1667718
1678163
1662792
1676842
1674739
1664945
1652993
1679006
1670861
1698140
1680934
1668116
1668804
1679231
1657049
1668744
1678125
1668345
1669015
1674479
1674184
1690026
1671801
1667163
1681967
1665493
1673702
1676488
1667696
1675540
1686408
1655319
1683203
1673521
1662713
1670844
1675714
1664018
1676573
1678872
1663835
1671119
1666553
1713764
1678859
1667191
1666688
1678471
1670129
1667980
1664939
1659027
1661643
1662373
1672430
1654226
1672123
1663185
2233992
2544943
2064463
1696782
1687959
1684195
1685424
1714217
1741027
1715157
1682789
1706041
1707255
1716414
1681072
1857142
1679034
1667768
1918978
1695808
1843498
1677443
1669960
1665075
1836673
1666011
1677854
1661388
1665583
1747723
1903428
1673303
1730307
1777799
1666272
1820750
1695321
1858673
1666177
1676757
1665852
1684334
1685512
1665643
1667747
1667639
1664437
1676199
1669400
1662704
1688312
1665406
1719041
1741949
1666642
1675759
1657336
1658574
1676594
1681767
1675213
1689032
1675023
1670267
1677206
1671227
1671703
1677080
1679639
1671464
1666515
1674152
1667569
1666442
1667774
1667925
1661961
1674468
1663471
1669211
1666837
1673491
1660625
1677291
1671472
1660701
1677055
1672689
1667446
1664711
1668969
1663565
1680756
1698184
1672818
1691746
1661125
1670907
1685353
1667572
1663793
1672849
1694153
1665701
1687941
1667572
1669394
1673421
1671509
1681134
1664267
1670866
1691931
1660194
1676464
1680808
1665071
1676006
1682477
1665858
1662886
1679483
1659242
1667217
1670762
1660692
1660936
1683299
1655174
1657063
1689320
1670563
1667374
1660035
1669961
1666603
1674238
1667511
1674349
1673066
1657339
1680707
1663247
1661541
1673792
1671916
1685420
2661138
2330533
1677991
1672692
1672372
1730157
1681383
1701084
1753123
1694747
1788104
1760397
1774599
1766318
1687241
1706115
1758139
1755731
1723177
1685929
1671582
1661136
1680562
1664094
1657168
1680833
1672168
1668571
1676948
1665137
1660433
1686909
1670522
1665108
1674243
1693240
1709697
1709113
1717069
1765960
1798050
1795524
1798878
1757926
1815303
1747434
1809212
1760464
1790987
1783145
1750686
1767415
1779895
1692093
1702269
1699030
1715087
1673032
1667839
1683288
1665773
1678171
1674993
1664530
1664326
1693729
1664630
1669055
1664391
1663930
1678319
1671620
1706459
1660650
1660691
1661680
1667691
1703584
1825625
1797906
1808710
1783872
1732357
1706400
1763219
1725459
1797875
1809500
1781864
1713779
1730959
1788714
1781174
1754173
1796444
1729721
1815824
1809069
1719724
1782705
1734428
1710552
1714086
1728959
1792430
1726654
1703246
1813242
1703381
1724547
1744914
1726876
1659851
1679397
1677259
1667051
1666100
1666317
1664681
1664806
1675484
1673932
1677322
1670496
1680901
1671160
1672290
1678456
1668948
1670672
1738483
1680013
1686489
1675477
1673860
1685030
1668717
1667640
1690119
1666359
1677419
1686170
1672981
1683699
1686513
1666053
1684195
1749993
1766827
1681769
1688844
1736880
1712590
1683586
1711610
1700903
1686879
1675845
1688047
1673371
1684758
1800558
1673087
1685000
1664758
1665909
1739928
1662719
1664042
1682051
1660449
1666059
1659010
1665226
1654985
1681836
1657122
1661843
1863072
2015557
1660575
1675720
1666017
1655330
1675915
1717637
1650382
1675007
1732585
1672581
1667045
1672695
1671316
1687913
1664092
1668460
1664185
1665393
1673062
1660344
1668938
1654755
1674861
1682782
1677322
1660020
1669305
1660791
1672059
1671274
1682583
1662562
1685712
1660365
1667977
1674226
1656758
1656248
1668304
1674251
1660602
1678938
1661765
1673622
1677382
1670783
1662827
1676390
1680960
1667901
1681228
1661767
1667339
1656888
1672669
1666872
1659412
1688281
1661401
1668384
1663700
1653511
1660315
1672088
1663759
1665800
1685966
1658210
1706523
1672217
1663196
1659155
1665859
1654694
1665483
1687439
1666760
1669359
1675727
1656599
1659491
1669674
1668092
1668794
1674650
1667468
1662027
1679611
1666026
1656930
1670678
1661861
1669485
1676503
1666805
1672572
1654735
1677493
1661772
1662826
1656819
1678744
1663290
1665332
1671302
1677650
1673502
1679299
1671896
1668731
1667860
1668233
1661952
1691599
1678159
1687395
1682721
1675578
1674584
1687340
1692476
1670213
1659477
1658312
1667918
1667930
1670221
1680812
1715187
1690917
1673522
1657974
1674855
1662469
1667933
1674851
1656550
1664340
1691000
1659585
1670003
1669509
1663578
1662493
1681333
1665199
1667030
1680888
1649665
1662412
1684535
1661495
1692248
1689940
1673354
1679088
1668811
1671252
1674878
1659184
1666084
1668193
1671639
1669804
1687308
1663479
1652298
1668785
1659472
1679242
1686595
1670244
1672804
1688767
1671134
1664287
1675895
1666487
1675172
1666677
1657969
1683017
1669292
1653706
1674946
1658812
1660011
1674008
1710277
1669538
1675576
1673018
1652010
1665669
1661401
1659035
1678625
1675404
1662186
1666075
1666166
1656545
1681124
1673128
1672030
1679095
1673207
1662352
1675035
1674749
1670987
1664440
1678680
1676070
1668779
1665726
1675828
1671231
1676599
1676743
1661441
1657926
1668069
1671450
1659370
1672564
1662537
1680152
1673421
1666918
1664405
1697442
1662334
1664935
1670528
1674297
1715541
1672176
1660940
1672449
1662184
1665018
1658508
1659229
1666786
1683622
1656977
1663836
1738145
1658080
1663094
1663947
1662135
1660506
1683090
1664041
1652055
1671087
1647190
1657272
1670741
1883531
1976441
1755273
1672783
1684983
1708252
1669757
1778701
1665185
1659789
1671100
1673111
1729262
1673676
1676825
1660047
1707607
1663620
1655085
1697644
1663976
1659391
1724314
1657143
1661453
1674348
1667323
1665887
1687881
1668655
1672441
1707652
1758138
1675470
1689336
1663626
1670657
1676436
1654561
1681659
1670306
1666613
1721084
1668869
1658146
1667875
1760412
1670993
1669965
1675678
1671483
1665937
1676340
1672018
1669014
1677466
1668428
1659083
1666918
1678030
1684654
1676320
1662444
1658224
1674491
1659551
1664153
1682703
1669700
1660821
1671355
1654117
1670126
1682251
1656644
1668120
1667285
1669776
1656088
1665691
1655550
1655257
1680970
1664093
1660534
1678305
1663539
1672704
1679840
1661893
1676522
1681691
1665919
1663479
1656663
1671782
1665217
1667422
1663026
1667384
1660524
1677433
1684661
1667485
1664882
1724810
1668886
1677687
1659237
1684513
1663469
1670724
1671064
1675678
1669126
1669612
1667202
1668179
1679806
1681375
1681608
1668160
1674584
1668434
1655225
1666175
1679543
1668138
1668305
1666393
1671353
1675582
1665058
1672917
1670945
1674452
1727098
1773427
1708270
1659437
1671700
1683401
1675067
1662847
1770686
1668452
1680329
1664130
1703994
1778362
1749233
1670875
1676169
1697387
1661147
1672145
1679926
1664482
1679636
1686007
1676605
1662196
1696970
1665899
1668598
1714369
1663507
1692344
1672884
1674933
1683832
1683066
1676442
1680664
1673172
1683178
1670007
1675512
1681570
1668035
1681761
1682844
1664405
1667434
1664101
1660399
1662243
1670796
1661753
1665217
1669046
1668607
1662351
1681450
1665136
1711562
1714758
1677998
1687362
1668096
1674157
1680538
1672940
1657951
1687136
1667514
1686710
1667083
1667202
1686081
1675559
1675760
1680747
1671829
1667019
1684586
1679639
1676132
1688624
1675921
1681710
1666423
1673154
1682673
1718323
1659164
1678939
1665762
1659883
1675095
1663879
1674963
1676238
1662650
1672242
1670886
1657393
1669751
1666142
1663006
1680182
1657156
1669516
1680755
1669484
1662438
1670664
1658789
1654932
1669494
1669072
1685522
1682497
1664788
1655115
1673700
1665573
1652760
1672500
1673141
1660984
1668581
1667085
1664944
1678600
1669865
1673515
1681186
1670787
1675383
1661358
1671496
1680585
1669066
1674614
1675987
1664900
1672596
1680801
1669656
1680998
1681938
1678309
1666422
1720873
1669245
1665968
1675103
1663409
1674102
1664218
1664648
1667911
1661486
1676957
1679696
1680913
1687704
1691865
1675344
1702637
1673924
1681171
1672185
1653684
1680617
1665177
1661687
1668627
1739285
1728716
1685758
1662423
1664712
1789678
1649833
1683292
1654062
1662013
1728055
1660175
1662612
1687878
1661305
1671213
1676765
1666374
1684436
1686104
1720238
1678657
1680152
1668992
1679667
1674951
1666621
1683756
1659382
1674780
1725159
1690792
1685020
1656512
1659301
1791521
1656058
1683410
1658263
1658337
1682349
1663501
1670289
1673505
1659474
1664354
1680190
1659827
1668945
1679124
1664459
1672739
1680326
1660585
1668768
1683234
1663969
1671724
1682186
1667927
1676187
1682502
1667724
1684506
1669460
1667249
1671423
1678106
1670398
1674688
1663252
1666176
1660205
1664641
1658152
1664905
1666219
1667207
1674097
1657050
1655933
1663655
1654695
1663355
1673359
1669880
1666586
1668252
1674708
1667889
1657266
1670474
1668995
1662042
1718249
1689944
1663373
1664208
1682600
1663722
1673918
1676631
1666328
1677847
1677724
1667834
1670213
1682986
1670606
1672845
1683083
1666171
1680917
1669254
1677950
1678362
1669720
1669942
1669345
1652551
1660278
1673891
1671765
1665804
1673449
1665567
1668218
1664882
1673956
1661717
1680928
1667482
1675575
1675106
1662609
1680006
1671461
1684511
1698881
1663936
1675521
1757277
1669601
1686246
1753519
1662817
1685436
1680110
1669217
1659681
1656198
1675990
1669359
1656926
1720491
1669465
1668713
1673335
1670743
1665037
1669995
1661524
1667186
1672855
1670130
1673409
1672706
1669629
1674662
1673529
1657770
1660241
1673483
1653741
1667175
1671902
1670656
1683036
1666517
1666878
1677999
1649673
1659423
1689051
1660655
1660200
1672751
1662124
1667490
1674960
1660459
1666301
1684204
1645621
1674436
1667105
1671092
1663462
1682631
1663932
1667905
1691503
1658417
1654274
1660325
1660142
1657858
1685478
1653871
1663363
1670947
1665425
1668400
1679491
2000714
1660224
1680090
1678343
1660975
1680836
1681345
1666970
1670551
1680188
1666626
1678801
1697069
1657678
1679824
1663700
1655677
1660585
1660975
1652365
1667537
1666218
1671009
1674998
1665009
1653963
1679437
1657994
1658221
1666718
1656217
1660800
1680363
1647768
1668010
1670198
1661510
1656581
1683578
1663817
1677883
1681924
1672489
1676055
1683604
1670925
1672809
1683713
1674489
1690263
1661074
1668761
1670015
1727959
1683071
1661266
1667511
1666446
1677779
1715004
1674717
1664884
1661474
1680929
1664958
1672860
1682174
1751442
1669768
1670574
1668247
1722108
1691972
1763568
1674806
1685608
1700965
1663879
1675674
1710355
1667688
1685342
1682448
1676854
1692561
1676871
1669527
1677212
1669887
1658712
1677810
1670138
1665580
1675815
1678940
1679823
1659771
1676553
1676626
1664364
1676092
1676017
1650516
1676809
1663805
1684338
1663132
1666629
1650912
1667707
1672508
1656349
1663661
1674738
1662106
1670753
1674450
1668471
2119867
1754751
1668906
1682867
1673830
1662456
1676654
1661515
1662349
1678701
1663617
1674456
1680811
1672174
1669674
1675126
1669968
1662405
1671528
1660196
1661696
1677077
1657341
1671365
1670324
1662558
1678683
1662134
1657924
1682254
1666129
1670147
1681438
1668865
1660805
1674973
1651507
1665774
1687328
1674002
1687819
1677459
1663329
1668312
1669309
1658004
1669083
1680440
1668775
1674364
1657496
1669634
1672725
1663997
1658131
1676778
1670464
1663708
1670612
1663630
1703238
1677972
1660799
1672893
1671470
1682372
1672027
1686668
1665407
1670949
1669076
1672213
1667766
1664053
1671462
1672206
1654348
1669992
1680770
1664739
1675010
1676936
1682253
1677234
1669500
1651392
1667434
1667260
1661549
1674218
1681938
1662245
1679670
1684630
1672378
1673603
1680126
1674127
1677600
1671335
1666170
1686543
1686117
1676323
1674985
1683531
1674981
1688026
1681427
1704018
1682164
1676905
1691542
1697529
1697887
1696518
1709445
1704935
1690504
1688364
2110004
2277622
1771161
1673921
1684183
1680863
1660699
2193897
1794411
1674353
1678663
1663583
1713913
1647751
1676053
1677304
1655459
1666223
1670214
1660608
1662156
1674610
1665459
1658943
1690816
1671346
1673130
1679889
1670817
1668167
1676142
1661779
1669328
1672559
1656441
1654788
1672941
1664128
1673126
1676652
1666316
1663524
1681656
1670986
1656865
1663187
1654304
1670567
1665572
1660264
1669173
1670612
1672878
1682218
1660633
1671623
1662414
1664155
1726641
1665625
1673415
1677516
1670192
1664626
1676922
1673504
1675064
1662575
1663909
1667186
1666875
1665726
1667276
1669324
1661316
1664196
1664927
1649559
1679702
1675230
1670535
1661856
1669227
1678821
1662504
1667343
1670860
1686217
1664844
1667763
1669186
1667655
1672686
1662510
1662639
1661033
1677000
1661692
1666387
1670995
1664209
1669379
1671357
1670911
1664282
1680343
1664548
1676019
1671530
1677058
1666009
1667604
1673053
1673648
1656514
1680880
1662373
1658689
1699797
1677601
1656349
1663693
1689326
1676353
1669991
1675737
1680261
1663470
1668631
1734341
2000806
2287951
1686752
1669403
1671182
1661542
1670818
1678948
1680722
1668960
1708665
1794672
1690715
1685786
1672079
1675960
1666075
1668543
1682206
1663899
1679022
1680190
1669127
1663181
1669984
1661974
1675728
1664511
1687597
1662961
1672236
1669345
1665691
1683662
1668467
1662258
1684284
1668848
1661371
1672360
1663984
1664756
1670506
1668107
1661083
1683155
1668238
1709401
1685003
1668582
1682920
1666165
1674558
1682928
1673235
1670146
1683051
1669328
1672986
1680017
1669028
1677409
1667937
1666258
1669524
1657528
1669523
1679242
1674143
1657362
1664234
1678074
1689105
1672225
1677651
1664951
1676558
1667366
1658391
1666506
1679733
1675108
1662891
1664925
1665048
1665434
1663390
1660941
1677143
1676290
1675163
1670349
1674423
1680917
1673035
1683374
1659492
1662771
1675675
1688400
1663538
1671677
1683578
1670939
1669159
1679718
1668226
1690922
1670175
1661394
1672611
1651620
1654040
1657745
1670038
1669046
1679433
1681269
1670313
1679891
1661749
1663847
1664378
1665416
1662060
1668665
1675897
1664396
1675702
1668857
1662520
1672303
1669106
1667114
1685680
1684073
1681939
1673496
1658444
1669586
1660609
1679888
1665720
1654563
1666442
1674077
1669791
1648130
1754096
1796697
1693258
1738651
1700590
1697426
1675587
1678473
1667489
1662638
1675001
1665293
1668686
1679120
1661975
1668060
1658083
1663629
1667877
1710215
1674491
1675560
1676697
1675973
1670559
1671918
1667918
1679447
1666806
1667348
1676777
1664629
1682235
1672086
1670348
1668796
1673534
1668774
1677082
1766528
1768665
1666805
1678741
1681546
1668966
1677600
1686852
1669584
1676169
1681241
1673646
1678957
1669904
1671231
1684902
1676810
1678263
1675406
1670500
1670013
1702308
1670386
1687351
1667106
1672986
1684011
1668575
1677165
1683921
1667214
1675387
1689727
1665239
1675285
1664624
1664702
1691296
1670998
1725814
1687154
1677916
1665284
1681200
1669448
1658179
1670611
1660825
1675972
1660051
1663326
1671720
1660085
1655770
1658355
1680765
1666826
1676467
1663505
1665047
1665044
1657693
1657279
1684352
1658922
1663446
1684416
1657482
1661832
1680545
1671775
1662620
1685533
1664661
1661298
1672977
1663250
1657434
1666862
1661656
1665773
1681871
1664020
1653402
1669220
1658980
1659448
1682029
1663257
1661769
1683484
1668002
1654733
1678227
1679928
1659312
1679739
1670082
1662055
1719528
1659769
1680072
1665128
1677955
1673768
1669771
1665704
1676956
1676729
1669039
1696123
1673004
1719059
1689794
1682689
1691040
1678615
1674230
1694510
1686896
1675429
1672142
1665064
1677729
1660534
1670083
1683747
1670333
1663325
1674542
1656626
1661361
1669228
1667733
1665873
1690248
1666260
1664765
1679247
1659833
1666464
1679937
1664853
1667044
1696965
1666710
1668745
1661142
1663786
1679911
1664960
1661391
1671698
1672694
1669770
1676475
1663487
1668579
1724958
1666864
1664945
1663135
1671657
1661871
1670934
1656777
1672428
1659380
1661515
1661391
1654749
1656404
1667336
1678683
1663940
1667449
1672569
1666128
1672335
1679750
1682724
1676537
1665022
1670675
1676138
1656249
1669915
1675959
1665381
1670437
1680883
1665422
1669474
1680391
1674927
1671152
1678069
1667326
1680531
1673086
1670531
1680114
1664031
1671095
1677809
1671816
1686282
1674506
1667572
1661208
1672284
1644560
1659352
1657902
1663115
1666810
1662363
1654300
1705302
1668353
1658361
1667297
1677287
1664667
1679413
1677015
1672870
1664212
1678306
1659044
1668331
1672057
1663892
1674151
1671693
1665158
1668246
1664875
1658240
1668700
1664901
1655214
1679428
1672073
1659701
1662498
1669838
1665163
1667846
1662912
1939969
1687570
1661926
1682294
1659424
1667130
1672845
1664628
1673392
1686362
1689932
1677382
1675478
1678532
1684761
1677972
1697312
1716780
1671448
1695352
1666675
1673603
1757453
1696198
1674165
1669257
1668153
1685512
2111665
1675640
1681109
1669120
1663209
1671349
1666368
1663793
1681371
1660419
1669448
1658868
1658321
1659784
1671898
1666685
1671396
1670234
1658931
1668010
1663656
1663142
1658107
1658750
1662049
1658005
1664594
1667062
1667904
1673945
1673068
1669076
1660764
1661890
1671254
1666140
1659285
1674584
1656986
1659885
1673907
1667511
1668814
1664786
1679051
1667399
1674757
1667670
1667453
1680652
1660840
1674675
1672939
1665106
1670097
1664119
1674499
1673235
1678284
1712127
1684876
1665710
1670051
1665354
1673455
1652038
1666792
1656415
1662691
1672327
1666054
1664815
1662459
1659512
1660020
1659080
1662360
1655918
1673642
1664914
1683118
1678775
1673725
1676970
1673260
1663144
1672701
1677049
1674759
1682996
1685896
1670733
1658888
1674160
1663421
1652233
1667786
1671386
1696847
1669848
1671734
1676988
1671415
1677637
1677728
1664384
1668086
1720020
1665671
1679209
1657772
1664072
1656436
1670284
1659434
1664078
1689130
1666596
1677289
1700353
1664802
1673650
1656763
1667582
1680598
1669355
1664457
1662968
1658988
1670422
1710134
1679756
1701964
2145906
1938410
1679521
1688535
1671558
1665775
1658574
1666932
1664469
1688668
1663668
1670154
1676012
1668489
1673719
1670063
1664910
1674654
1681113
1657853
1666452
1670671
1662653
1662221
1679221
1672065
1678016
1704416
1664975
1680889
1662404
1670252
1674991
1658917
1658725
1665653
1663335
1668179
1677709
1669286
1667716
1679891
1659507
1669871
1671213
1734614
1675394
1667341
1664922
1680936
1663890
1674901
1680465
1657460
1669318
1667136
1657501
1663663
1669438
1655961
1659006
1656221
1656634
1675744
1674586
1674330
1672125
1676532
1662698
1668544
1673723
1663787
1674177
1670562
1664137
1658824
1674893
1663523
1664775
1678529
1657631
1675356
1675598
1674187
1666030
1665435
1674684
1666246
1667851
1669619
1679770
1655230
1657287
1671010
1652095
1649932
1656818
1669854
1658190
1682566
1671792
1672622
1672071
1663022
1668052
1713666
1673360
1660008
1685482
1652561
1660306
1670665
1660847
1658334
1679196
1665998
1673039
1682378
1661334
1664951
1673074
1663169
1665232
1684957
1670697
1673227
1726564
1694074
1678755
1659339
1666232
1672732
1664732
1671276
1681643
1668465
1672860
1679462
1668148
1681547
1667990
1672331
1676822
1684625
1657697
1686088
1752762
1686385
1675709
1678339
1680896
1685509
1689688
1684814
1682511
1685891
1673817
1677572
1705837
1671431
1665206
1672704
1650742
1660224
1669262
1738737
1670940
1676664
1665822
1676718
1675536
1667756
1676837
1669202
1670584
1681207
1676790
1660996
1674122
1679033
1660485
1677730
1665788
1668037
1698679
1670477
1669217
1663879
1666056
1671141
1664556
1666829
1667161
1661815
1672734
1671359
1660731
1682548
1672975
1660499
1662153
1674033
1666336
1661948
1679193
1659630
1669265
1679114
1669652
1660346
1678287
1670261
1667644
1675173
1670650
1673362
1671219
1660544
1669769
1669261
1669174
1668732
1661708
1666991
1731214
1659720
1656720
1663313
1656981
1661206
1677132
1657940
1656865
1670636
1659807
1658690
1664217
1651815
1663341
1670728
1663378
1676600
1670033
1657220
1665158
1674538
1661109
1668281
1662539
1680354
1652623
1667632
1652963
1668510
1674771
1648196
1684358
1686954
1663340
1748628
1674195
1662975
1670022
1669699
1665969
1674815
1676501
1663137
1684856
1671673
1670789
1677544
1673325
1668108
1686506
1666298
1667411
1674387
1664222
1667699
1662078
1671539
1660994
1662244
1702401
1685128
1678286
1672647
1675748
1668331
1665615
1680401
1667733
1669725
1687466
1753040
1691586
1686570
1685421
1687605
1683291
1688918
1664561
1673637
1672130
1661763
1677103
1824812
1680981
1689170
1677843
1675703
1678392
1675676
1680848
1667502
1669111
1678821
1664445
1671595
1677827
1664477
1689503
1676377
1662565
1666504
1676680
1676516
1676778
1682355
1672246
1682165
1672653
1667965
1676062
1665938
1666925
1678647
1668202
1666347
1683748
1672782
1670756
1680101
1719236
1679180
1668621
1664411
1685153
1664630
1666051
1694533
1663194
1669264
1678876
1666770
1673187
1687267
1667517
1655061
1671932
1658094
1664873
1667605
1658017
1668230
1683122
1654606
1660692
1672628
1672999
1679726
1721761
1671283
1683075
1675828
1663407
1658891
1656434
1664874
1665476
1662985
1661031
1676229
1669468
1656232
1671338
1666002
1662364
1664710
1651093
1664100
1669379
1671840
1675392
1685215
1673465
1673760
1688905
1672479
1670198
1667784
1686137
1713115
1668486
1658256
1681256
1664218
1664687
1673439
1670374
1677932
1678791
1668545
1671544
1672093
1669807
1678463
1666490
1671429
1690163
1664499
1680496
1673984
1673235
1661483
1677765
1665619
1661853
1696304
1665443
1665738
1673144
1661212
1659500
1674018
1658505
1662826
1677145
1657244
1662396
1681710
1675673
1685555
1746304
1670931
2133765
1682015
1669974
1772040
1683168
1687114
1672200
1693966
1683029
1765296
1690086
1684744
1682891
1680584
1666679
1677361
1662530
1725829
1678614
1667460
1670811
1675041
1654684
1658848
1666619
1668798
1665551
1694857
1663368
1666864
1673805
1659341
1678005
1664391
1662256
1675608
1664495
1664272
1663764
1666459
1658015
1676623
1655979
1653651
1683355
1679407
1661799
1676045
1662292
1669826
1662382
1656210
1664381
1674832
1675498
1664302
1676876
1686777
1662026
1673886
1667051
1660238
1664709
1683017
1668162
1674750
1665863
1684177
1662243
1671290
1679141
1667467
1685864
1674884
1669007
1667696
1727167
1705002
1691301
1665515
1725809
1771086
1651362
1666755
1645577
1661202
1676287
1703201
1656072
1679712
1661101
1667103
1678035
1669698
1667194
1673412
1660855
1716221
1701639
1657165
1660776
1652292
1661442
1675035
1674875
1668427
1674218
1724178
1668830
1671422
1671459
1666806
1681059
1666308
1664631
1677580
1687519
1716785
1669772
1663469
1687388
1664504
1673834
1680968
1668900
1680968
1709910
1664734
1672815
1663874
1655459
1666054
1660884
1665400
1693516
1660683
1887330
1673847
1665175
1669787
1680298
1659340
1679367
1679005
1678442
1668913
1681298
1675950
1677655
1674415
1678149
1661794
1715300
1695368
1680088
1687268
1704763
1701968
1706312
1667320
1691582
1708273
1671596
1743823
1650457
1663857
1656354
1663275
1665637
1677064
1664710
1668711
1660041
1657583
1660959
1667363
1662819
1661762
1668194
1708827
1671544
1666626
1667774
1667374
1681590
1657470
1665188
1678730
1669069
1675024
1674322
1668003
1661482
1704408
1673646
1666691
1720935
1659802
1670387
1664189
1669665
1671292
1657728
1661702
1681777
1668621
1668809
1675453
1660854
1795621
1672362
1666203
1678291
1677069
1679212
1671139
1662401
1669290
1677811
1672005
1660391
1672501
1665330
1669671
1669710
1667950
1663711
1671368
1655425
1669112
1679652
1665783
1675366
1679309
1668476
1664871
1669847
1680815
1663904
1667541
1688320
1673615
1672049
1675360
1663328
1669867
1676285
1744397
1678676
1672868
1682919
1676617
1669556
1670403
1667105
1720690
1666756
1669417
1666703
1681741
1668618
1656899
1659464
1679154
1670436
1668786
1669113
1670945
1671236
1660092
1670011
1670527
1658726
1659757
1659545
1674133
1678058
1659811
1674423
1666844
1657098
1665083
1676043
1665938
1663963
1688187
1656818
1659128
1669326
1664456
1667183
1675180
1668702
1681572
1701061
1664947
1674654
1680912
1723392
1690391
1680703
2308389
1909890
1681203
1687633
1685605
1691631
1718826
1969958
1664236
1671699
1668817
1661590
1659048
1719155
1657412
1673903
1672358
1662399
1664875
1680706
1662491
1660045
1664586
1645503
1675955
1669016
1677955
1661822
1667765
1660282
1661953
1689414
1666870
1668101
1657338
1667131
1649795
1684730
1674399
1659216
1658398
1654592
1648325
1661790
1669967
1669715
1735611
1671085
1663264
1677241
1671943
1661909
1666478
1665154
1666426
1675673
1676657
1662949
1667228
1676641
1656046
1673479
1679803
1655420
1667812
1663877
1660604
1674642
1674926
1675634
1659059
1672076
1671468
1710754
1663724
1669183
1659938
1651307
1666091
1664708
1653923
1662116
1648403
1663339
1657417
1658574
1668740
1653829
1658372
1661171
1660820
1674640
1659073
1667738
1666130
1660658
1660878
1666686
1655237
1661935
1665212
1664608
1652577
1662447
1661197
1664215
1676882
1671327
1667716
1682146
1668845
1669503
1679636
1664888
1662748
1677898
1667064
1672270
1676905
1668217
1680943
1669268
1662874
1676760
1660893
1657484
1670896
1661796
1661321
1671861
1650450
1656563
1678957
1710490
1665705
1681129
1669516
1671869
1669166
1670121
1680463
1679900
1684317
1680072
1693350
1681543
1674178
1671463
1675181
1681580
1682841
1680319
1680116
1674650
1702148
1657473
1670635
1687525
1672366
1709960
1676758
1684443
1683448
1667675
1665855
1679340
1667038
1664738
1678588
1670816
1669431
1685972
1675304
1680869
1685866
1662937
1666018
1662847
1663945
1673730
1667091
1666643
1672911
1669895
1667777
1680451
1695480
1663217
1672090
1691209
1687746
1674240
1716658
1692845
1698369
1716802
1664854
1673276
1682978
1670349
1718926
1688230
1726573
1677900
1659360
1672920
1673515
1693355
1678808
1695288
1672443
1715727
1674923
1669895
1674439
1663543
1691335
1771826
1652497
1752556
1666983
1806338
1659512
1661851
1670281
1887605
1717436
1661233
1742149
1683976
1663760
1648618
1669086
1688703
1668055
1674607
1664975
1668087
1675443
1670661
1669846
1677014
1674574
1681259
1649781
1656752
1671068
1650406
1730377
1681014
1667259
1717555
1679330
1669560
1695505
1678813
1669305
1678709
1675449
1663535
1689069
1671199
1671666
1672486
1664328
1671637
1680543
1673568
1670803
1687016
1665816
1667427
1678392
1662913
1659554
1672791
1649696
1668660
1763524
1684138
1667459
1676888
1676130
1678547
1674071
1685139
1670833
1677488
1678913
1684758
1777848
1661242
1685657
1678459
1669869
1755397
1992984
1698074
1669968
1705671
1694690
1783199
1682704
1732032
1673917
1726751
2015933
1667549
1673119
1681140
1701104
1668154
1676322
1679203
1667115
1671710
1666727
1666931
1677316
1679565
1670768
1677343
1676548
1678828
1661602
1668436
1677437
1672246
1669964
1683249
1671920
1682564
1679123
1675980
1675128
1679762
1660111
1672151
1668325
1670013
1680567
1674024
1666811
1679693
1666401
1661079
1680954
1669934
1658542
1685687
1674620
1668285
1679147
1673611
1666714
1678784
1655518
1666977
1677977
1682720
1659437
1677098
1671856
1681118
1666316
1664905
1685443
1669940
1676954
1682891
1706876
1675380
1682790
1664875
1657265
1700413
1656632
1679432
1658253
1672506
1677076
1674432
1674188
1670323
1679943
1679448
1987072
1822389
1907026
1755977
1898250
1712944
1664619
1680816
1676053
1664089
1675950
1681947
1664054
1670255
1673376
1669227
1684489
1669752
1663922
1671950
1680184
1669614
1676873
1669821
1656491
1688035
1666055
1679768
1680189
1687936
1782273
1920166
1783303
1807189
1741470
1681288
1665046
1656349
1681550
1674382
1669612
1676316
1717725
1678037
1691652
1674832
1671791
1671684
1675801
1686038
1672221
1698166
1697407
1717183
1743592
1662141
1661653
1863122
1672413
1869931
1828739
1877506
1769602
1804265
1662967
1781539
1945859
1675075
1739353
1688778
1662613
1673300
1676459
1665266
1687921
1662989
1671362
1684071
1663327
1664310
1669432
1659139
1663897
1668285
1677752
1675822
1704213
1669021
1670660
1671250
1658592
1659667
1677086
1656776
1658369
1669277
1661359
1668490
1678397
1665515
1673042
1717268
1664770
1689179
1671581
1667631
1673025
1666720
1672436
1674261
1663106
1671092
1693028
1651957
1671048
1663775
1667422
1664341
1680349
1668517
1668764
1677790
1673847
1676658
1666452
1663824
1672190
1668915
1674185
1684026
1682975
1666797
1674474
1677496
1673791
1661079
1662256
1664198
1666805
1675021
1660333
1676622
1665504
1683364
1666130
1674336
1698795
1662568
1659911
1670687
1661210
1655664
1667827
1671115
1658855
1659144
1656908
1666670
1660315
1670603
1659820
1730684
1675090
1676254
1676573
1665320
1676915
1658480
1675235
1680333
1657445
1666106
1687125
1660689
1662755
1671317
1664463
1669903
1672660
1664565
1667253
1674875
1661827
1664560
1683207
1670900
1662072
1673369
1661933
1698483
1683578
1670315
1663722
1679815
1672650
1678994
1675519
1671001
1687661
1702304
1759768
1685254
1682856
1693074
1709311
1700724
1687718
1681479
1710231
1729482
1715470
1948580
2440951
1731623
1671835
1660147
1660583
1668034
1671819
1680157
1708362
1677350
1672312
1673711
1662136
1669618
1686395
1670767
1680802
1675909
1663682
1664417
1673955
1667140
1667709
1671884
1841224
1675956
1664026
1664535
1681897
1665115
1657462
1664445
1661619
1673241
1668254
1667221
1670552
1667923
1665752
1677827
1672312
1664201
1689228
1660081
1664830
1676363
1658713
1673714
1676255
1670325
1667887
1687115
1672567
1663367
1666242
1667834
1667816
1671121
1667324
1678289
1672852
1669838
1682425
1668617
1668983
1674482
1668507
1715672
1675300
1672937
1671948
1673381
1667508
1675015
1671093
1662040
1684513
1656633
1680532
1676609
1671440
1659533
1669843
1660365
1669567
1679552
1673953
1678047
1675775
1674594
1674114
1668602
1657508
1673771
1677663
1673776
1687326
1659170
1674404
1673536
1666858
1672929
1676614
1663478
1674022
1691653
1672015
1665021
1669593
1668096
1663787
1674009
1664560
1656483
1692498
1666555
1661503
1690308
1669030
1675094
1676350
1660234
1681767
1684993
1661433
1675627
1667696
1710126
1673263
1674706
1668557
1677245
1678759
1684674
1687753
1698706
1695655
1674148
2091899
1693956
1716480
1713535
1684117
1675285
1706934
1709779
1968709
1685909
1944706
1699314
1671858
1667054
1663505
1674021
1665684
1659203
1671079
1667032
1684743
1668760
1677240
1666317
1668785
1683087
1657096
1679942
1706640
1672640
1684115
1665022
1674502
1676074
1661878
1670951
1669745
1674023
1668209
1682394
1669373
1663314
1685675
1669624
1672975
1678307
1684306
1664209
1716709
1660896
1668587
1661702
1665263
1679217
1662156
1694789
1665685
1671945
1675002
1673068
1673959
1666101
1669864
1676454
1675490
1677204
1665499
1676075
1682786
1673591
1675862
1681217
1670597
1671066
1671771
1660795
1671069
1667575
1665086
1658358
1675332
1667266
1687132
1676023
1668283
1673458
1660787
1665835
1685016
1666646
1666346
1681027
1669263
1653163
1663345
1664729
1661865
1667561
1666179
1674337
1686701
1656831
1672184
1681558
1661273
1663955
1683756
1668596
1707503
1683537
1663465
1669417
1657881
1653784
1669815
1655152
1674189
1673386
1675931
1652849
1673214
1657998
1656700
1704772
1680082
1668667
1677378
1680903
1670556
1675922
1671906
1667034
1683361
1668939
1686200
1665963
1684665
1676430
1665531
1664816
1674058
1654019
1671349
1685123
1723874
1736753
1689388
1691041
1676582
1781781
1745674
1678192
1695705
1699811
1805821
1810626
1756524
1673269
1671637
1748070
1670749
1677276
1759496
1656081
1664423
1671933
1658214
1740014
1679302
1668134
1669438
1672742
1676808
1694546
1675833
1674076
1680938
1681186
1682088
1665119
1677959
1689184
1667840
1674973
1682968
1672483
1671963
1682521
1664351
1675778
1675202
1669588
1666341
1668606
1668676
1675551
1672902
1672963
1676861
1660056
1664718
1696907
1668115
1670311
1679107
1670843
1659776
1687961
1674299
1661554
1673332
1673296
1665450
1660761
1664516
1658123
1674235
1656816
1685654
1671001
1673382
1676594
1652345
1654262
1661190
1681867
1708836
1677645
1680201
1679825
1669973
1672238
1663653
1670501
1679861
1659981
1659326
1664719
1662837
1670703
1670777
1666016
1682642
1666340
1664222
1673130
1680501
1653795
1674980
1660709
1666364
1684236
1670976
1672438
1667427
1664815
1664699
1676832
1673167
1670270
1676243
1661993
1659222
1672480
1670916
1672347
1663214
1663100
1688204
1663332
1675149
1682997
1677296
1671378
1674701
1671372
1664134
1674775
1665098
1672844
1682978
1663519
1676164
1677867
1673787
1683317
1731441
1688422
1680456
1671247
1667863
1670580
2074703
1745597
1670357
1674409
1884649
1967091
1742141
1692497
1672972
1679447
1894716
1697876
1980014
1662914
1665231
1661734
1658423
1663806
1722795
1759430
1814061
1710434
1728037
1736808
1656149
1662590
1649669
1662100
1732920
1833367
1750166
1735836
1685219
1745652
1686539
1794802
1741868
1671319
1734910
1756349
1760971
1808074
1780139
1747680
1728873
1757531
1721649
1758697
1659168
1784416
1778585
1763613
1661443
1671572
1683079
1670916
1663048
1677739
1667506
1660239
1667991
1658115
1670300
1675417
1664618
1670782
1677391
1666614
1680531
1680157
1657909
1668932
1659483
1681345
1661865
1669834
1673062
1675973
1672364
1672301
1663407
1670205
1678500
1673795
1666822
1678319
1669479
1677750
1671585
1671747
1682206
1676867
1665710
1678631
1667740
1671023
1683561
1667267
1666488
1677961
1667699
1668029
1679233
1669472
1669826
1688341
1672790
1666822
1671397
1668587
1665108
1728987
1674288
1687474
1687723
1681191
1813438
1665581
1689348
1680617
1669472
1671090
1655893
1674929
1665799
1678293
1660421
1678276
1668436
1677485
1667783
1669942
1676622
1665803
1667839
1682693
1673999
1663467
1675145
1665156
1677157
1682562
1669327
1669627
1696719
1670410
1875032
1684642
1717664
1704423
1957633
1676265
1755888
1776262
1678256
1693004
1727307
1697272
1698304
1711685
1689823
1677242
1660800
1667621
1683925
1746848
1767847
1694037
1650684
1871932
1818113
1738531
1679151
1665802
1667748
1680971
1666352
1672834
1681200
1672481
1670806
1682707
1679322
1666683
1721016
1818721
1682301
1660110
1667424
1655719
1665178
1668874
1655755
1669989
1676006
1666677
1674637
1674269
1672865
1661814
1676144
1662583
1660184
1677626
1669504
1670130
1679703
1667256
1664062
1673047
1688743
1671939
1691976
1670017
1669018
1691012
1677764
1667826
1681420
1672545
1675026
1692507
1669552
1658010
1663487
1658584
1673522
1662278
1658472
1656023
1682201
1686030
1689708
1662977
1676240
1682607
1669899
1667644
1682276
1670529
1675175
1679919
1663446
1673491
1668088
1660388
1681039
1664871
1686459
1674716
1680285
1666775
1677338
1678524
1671057
1676663
1665503
1677260
1662443
1689673
1672989
1658488
1663695
1665184
1675792
1662996
1663070
1673218
1675896
1658129
1661395
1652180
1665497
1663722
1671963
1655270
1663042
1683651
1656199
1661728
1659440
1660955
1661942
1660427
1665839
1663255
1673049
1668709
1656601
1712037
1665612
1671302
1678055
1674831
1705449
1750857
1724903
1985639
1705732
1691189
