task 1 access time:
           142.00000
           138.00000
           140.00000
           138.00000
           139.00000
           139.00000
           138.00000
           139.00000
           139.00000
           139.00000
           139.00000
           138.00000
           138.00000
           138.00000
           139.00000
           139.00000
           139.00000
           138.00000
           138.00000
           139.00000
           138.00000
           139.00000
           140.00000
           145.00000
           138.00000
           140.00000
           141.00000
           146.00000
           147.00000
           149.00000
           148.00000
           147.00000
           144.00000
           142.00000
           140.00000
           138.00000
           140.00000
           143.00000
           139.00000
           138.00000
           139.00000
           138.00000
           139.00000
           139.00000
           138.00000
           140.00000
           144.00000
           142.00000
           138.00000
           143.00000
           145.00000
           138.00000
           141.00000
           141.00000
           142.00000
           141.00000
           141.00000
           141.00000
           140.00000
           141.00000
           141.00000
           144.00000
           141.00000
           140.00000
           140.00000
           140.00000
           140.00000
           140.00000
           140.00000
           141.00000
           141.00000
           141.00000
           140.00000
           141.00000
           144.00000
           139.00000
           143.00000
           146.00000
           141.00000
           140.00000
           139.00000
           140.00000
           140.00000
           140.00000
           142.00000
           144.00000
           144.00000
           140.00000
           140.00000
           141.00000
           140.00000
           145.00000
           140.00000
           141.00000
           141.00000
           140.00000
           139.00000
           139.00000
           141.00000
           140.00000
task 0 on core 1 executes 10000 times, exec_avg1:            141.00000
task 2 access time:
       2014461.00000
       2014465.00000
       2014410.00000
       2014451.00000
       2014430.00000
       2014424.00000
       2014436.00000
       2014407.00000
       2014405.00000
       2014414.00000
       2014395.00000
       2014421.00000
       2014436.00000
       2014451.00000
       2014445.00000
       2014415.00000
       2014436.00000
       2014393.00000
       2014432.00000
       2014447.00000
       2014427.00000
       2014468.00000
       2014416.00000
       2014427.00000
       2014407.00000
       2014395.00000
       2014405.00000
       2014415.00000
       2014455.00000
       2014377.00000
       2014458.00000
       2014438.00000
       2014419.00000
       2014441.00000
       2014409.00000
       2014425.00000
       2014498.00000
       2014392.00000
       2014418.00000
       2014423.00000
       2014436.00000
       2014427.00000
       2014429.00000
       2014404.00000
       2014411.00000
       2014404.00000
       2014458.00000
       2014365.00000
       2014390.00000
       2014391.00000
       2014443.00000
       2014396.00000
       2014468.00000
       2014422.00000
       2014414.00000
       2014402.00000
       2014377.00000
       2014458.00000
       2014437.00000
       2014403.00000
       2014440.00000
       2014426.00000
       2014449.00000
       2014471.00000
       2014459.00000
       2014453.00000
       2014437.00000
       2014444.00000
       2014406.00000
       2014416.00000
       2014419.00000
       2014440.00000
       2014440.00000
       2014441.00000
       2014462.00000
       2014454.00000
       2014420.00000
       2014423.00000
       2014428.00000
       2014419.00000
       2014391.00000
       2014427.00000
       2014411.00000
       2014462.00000
       2014414.00000
       2014444.00000
       2014388.00000
       2014336.00000
       2014430.00000
       2014433.00000
       2014413.00000
       2014427.00000
       2014449.00000
       2014463.00000
       2014403.00000
       2014424.00000
       2014392.00000
       2014418.00000
       2014475.00000
       2014455.00000
task 1 on core 2 executes 10000 times, exec_avg1:        2014426.00000
task 3 access time:
       4010854.00000
       4010877.00000
       4010819.00000
       4010871.00000
       4010813.00000
       4010842.00000
       4010833.00000
       4010787.00000
       4010801.00000
       4010840.00000
       4010813.00000
       4010829.00000
       4010851.00000
       4010846.00000
       4010821.00000
       4010844.00000
       4010819.00000
       4010777.00000
       4010848.00000
       4010861.00000
       4010851.00000
       4010880.00000
       4010820.00000
       4010844.00000
       4010811.00000
       4010819.00000
       4010824.00000
       4010846.00000
       4010835.00000
       4010783.00000
       4010860.00000
       4010849.00000
       4010804.00000
       4010860.00000
       4010841.00000
       4010829.00000
       4010875.00000
       4010827.00000
       4010804.00000
       4010821.00000
       4010863.00000
       4010843.00000
       4010827.00000
       4010803.00000
       4010813.00000
       4010805.00000
       4010874.00000
       4010761.00000
       4010786.00000
       4010827.00000
       4010868.00000
       4010812.00000
       4010850.00000
       4010835.00000
       4010795.00000
       4010802.00000
       4010819.00000
       4010861.00000
       4010842.00000
       4010833.00000
       4010819.00000
       4010823.00000
       4010826.00000
       4010852.00000
       4010852.00000
       4010861.00000
       4010827.00000
       4010840.00000
       4010820.00000
       4010820.00000
       4010807.00000
       4010859.00000
       4010818.00000
       4010844.00000
       4010866.00000
       4010819.00000
       4010851.00000
       4010860.00000
       4010822.00000
       4010809.00000
       4010806.00000
       4010846.00000
       4010831.00000
       4010877.00000
       4010783.00000
       4010845.00000
       4010783.00000
       4010766.00000
       4010850.00000
       4010833.00000
       4010802.00000
       4010824.00000
       4010865.00000
       4010821.00000
       4010825.00000
       4010826.00000
       4010788.00000
       4010809.00000
       4010851.00000
       4010835.00000
task 2 on core 3 executes 10000 times, exec_avg1:        4010830.00000
task 4 access time:
       7984033.00000
       7984022.00000
       7984027.00000
       7984048.00000
       7984055.00000
       7984045.00000
       7984053.00000
       7984024.00000
       7984039.00000
       7984027.00000
       7984027.00000
       7984020.00000
       7984035.00000
       7984027.00000
       7984042.00000
       7984053.00000
       7984034.00000
       7984033.00000
       7984048.00000
       7984018.00000
       7984022.00000
       7984023.00000
       7984030.00000
       7984030.00000
       7984042.00000
       7984033.00000
       7984024.00000
       7984047.00000
       7984046.00000
       7984045.00000
       7984029.00000
       7984036.00000
       7984042.00000
       7984028.00000
       7984036.00000
       7984049.00000
       7984025.00000
       7984031.00000
       7984035.00000
       7984039.00000
       7984029.00000
       7984044.00000
       7984028.00000
       7984043.00000
       7984044.00000
       7984048.00000
       7984050.00000
       7984049.00000
       7984022.00000
       7984034.00000
       7984040.00000
       7984039.00000
       7984057.00000
       7984051.00000
       7984037.00000
       7984026.00000
       7984025.00000
       7984032.00000
       7984043.00000
       7984030.00000
       7984021.00000
       7984040.00000
       7984027.00000
       7984034.00000
       7984033.00000
       7984030.00000
       7984057.00000
       7984034.00000
       7984046.00000
       7984042.00000
       7984035.00000
       7984037.00000
       7984025.00000
       7984027.00000
       7984030.00000
       7984029.00000
       7984036.00000
       7984045.00000
       7984048.00000
       7984029.00000
       7984040.00000
       7984028.00000
       7984049.00000
       7984023.00000
       7984040.00000
       7984051.00000
       7984030.00000
       7984042.00000
       7984024.00000
       7984015.00000
       7984041.00000
       7984025.00000
       7984032.00000
       7984023.00000
       7984034.00000
       7984041.00000
       7984031.00000
       7984034.00000
       7984025.00000
       7984033.00000
task 3 on core 1 executes 10000 times, exec_avg1:        7984035.00000
