task 1 access time:
           305.00000
           218.00000
           159.00000
           435.00000
           228.00000
           178.00000
           299.00000
           163.00000
           155.00000
           378.00000
           140.00000
           140.00000
           140.00000
           141.00000
           140.00000
           143.00000
           140.00000
           140.00000
           131.00000
           131.00000
           131.00000
           131.00000
           131.00000
           131.00000
           131.00000
           131.00000
           131.00000
           131.00000
           131.00000
           131.00000
           131.00000
           131.00000
           131.00000
           131.00000
           131.00000
           131.00000
           131.00000
           137.00000
           137.00000
           131.00000
           131.00000
           132.00000
           131.00000
           131.00000
           131.00000
           131.00000
           131.00000
           131.00000
           131.00000
           131.00000
           131.00000
           131.00000
           131.00000
           229.00000
           132.00000
           131.00000
           131.00000
           131.00000
           131.00000
           131.00000
           131.00000
           131.00000
           131.00000
           131.00000
           131.00000
           131.00000
           131.00000
           131.00000
           131.00000
           131.00000
           131.00000
           131.00000
           131.00000
           131.00000
           131.00000
           131.00000
           131.00000
           131.00000
           131.00000
           131.00000
           131.00000
           131.00000
           131.00000
           131.00000
           131.00000
           131.00000
           131.00000
           131.00000
           131.00000
           131.00000
           131.00000
           131.00000
           132.00000
           131.00000
           131.00000
           131.00000
           131.00000
           131.00000
           131.00000
           131.00000
task 0 on core 1 executes 10000 times, exec_avg1:            145.00000
