task 1 access time:
           140.00000
           136.00000
           136.00000
           135.00000
           135.00000
           136.00000
           135.00000
           136.00000
           135.00000
           135.00000
           135.00000
           134.00000
           136.00000
           135.00000
           136.00000
           135.00000
           135.00000
           136.00000
           135.00000
           133.00000
           135.00000
           135.00000
           134.00000
           134.00000
           136.00000
           135.00000
           135.00000
           133.00000
           135.00000
           137.00000
           134.00000
           134.00000
           136.00000
           136.00000
           138.00000
           135.00000
           136.00000
           136.00000
           135.00000
           135.00000
           136.00000
           135.00000
           136.00000
           137.00000
           136.00000
           136.00000
           135.00000
           137.00000
           138.00000
           136.00000
           137.00000
           136.00000
           135.00000
           135.00000
           136.00000
           135.00000
           135.00000
           136.00000
           133.00000
           136.00000
           135.00000
           136.00000
           135.00000
           135.00000
           136.00000
           136.00000
           135.00000
           135.00000
           136.00000
           135.00000
           135.00000
           137.00000
           137.00000
           135.00000
           134.00000
           135.00000
           136.00000
           134.00000
           135.00000
           135.00000
           137.00000
           135.00000
           135.00000
           136.00000
           135.00000
           143.00000
           136.00000
           137.00000
           137.00000
           136.00000
           137.00000
           134.00000
           136.00000
           135.00000
           136.00000
           136.00000
           134.00000
           136.00000
           136.00000
           137.00000
task 0 on core 1 executes 10000 times, exec_avg1:            136.00000
task 2 access time:
       9981420.00000
       9981358.00000
       9981327.00000
       9981328.00000
       9981357.00000
       9981336.00000
       9981337.00000
       9981310.00000
       9981326.00000
       9981346.00000
       9981302.00000
       9981341.00000
       9981420.00000
       9981344.00000
       9981309.00000
       9981330.00000
       9981341.00000
       9981332.00000
       9981304.00000
       9981349.00000
       9981356.00000
       9981318.00000
       9981344.00000
       9981325.00000
       9981365.00000
       9981354.00000
       9981323.00000
       9981392.00000
       9981360.00000
       9981334.00000
       9981356.00000
       9981342.00000
       9981337.00000
       9981354.00000
       9981340.00000
       9981349.00000
       9981338.00000
       9981350.00000
       9981363.00000
       9981339.00000
       9981332.00000
       9981327.00000
       9981367.00000
       9981332.00000
       9981340.00000
       9981383.00000
       9981344.00000
       9981365.00000
       9981390.00000
       9981316.00000
       9981362.00000
       9981366.00000
       9981328.00000
       9981369.00000
       9981375.00000
       9981363.00000
       9981336.00000
       9981356.00000
       9981350.00000
       9981309.00000
       9981384.00000
       9981351.00000
       9981325.00000
       9981362.00000
       9981332.00000
       9981404.00000
       9981365.00000
       9981329.00000
       9981374.00000
       9981362.00000
       9981371.00000
       9981413.00000
       9981326.00000
       9981351.00000
       9981368.00000
       9981353.00000
       9981334.00000
       9981355.00000
       9981378.00000
       9981370.00000
       9981367.00000
       9981347.00000
       9981348.00000
       9981429.00000
       9981349.00000
       9981368.00000
       9981352.00000
       9981385.00000
       9981357.00000
       9981355.00000
       9981377.00000
       9981394.00000
       9981276.00000
       9981380.00000
       9981421.00000
       9981326.00000
       9981379.00000
       9981305.00000
       9981332.00000
       9981344.00000
task 1 on core 2 executes 10000 times, exec_avg1:        9981352.00000
task 3 access time:
       7984032.00000
       7984014.00000
       7984009.00000
       7984030.00000
       7984010.00000
       7984023.00000
       7984016.00000
       7984016.00000
       7984016.00000
       7984017.00000
       7983998.00000
       7984019.00000
       7984030.00000
       7984002.00000
       7984014.00000
       7984014.00000
       7984018.00000
       7984031.00000
       7984006.00000
       7984015.00000
       7984005.00000
       7984023.00000
       7984012.00000
       7984025.00000
       7984015.00000
       7984028.00000
       7984023.00000
       7984030.00000
       7984026.00000
       7984010.00000
       7983995.00000
       7984019.00000
       7984023.00000
       7984006.00000
       7984001.00000
       7984009.00000
       7984029.00000
       7984025.00000
       7984024.00000
       7984024.00000
       7984012.00000
       7984020.00000
       7984025.00000
       7984014.00000
       7984024.00000
       7984032.00000
       7984008.00000
       7983991.00000
       7984027.00000
       7984010.00000
       7984023.00000
       7984019.00000
       7984007.00000
       7984027.00000
       7984018.00000
       7984014.00000
       7984000.00000
       7984011.00000
       7984027.00000
       7984011.00000
       7984032.00000
       7984004.00000
       7984014.00000
       7984030.00000
       7984011.00000
       7984026.00000
       7984017.00000
       7984002.00000
       7984014.00000
       7984032.00000
       7984035.00000
       7984045.00000
       7984020.00000
       7984014.00000
       7983986.00000
       7984008.00000
       7984036.00000
       7984035.00000
       7984016.00000
       7984017.00000
       7984040.00000
       7984020.00000
       7984019.00000
       7984004.00000
       7984005.00000
       7984013.00000
       7984017.00000
       7984026.00000
       7984017.00000
       7984024.00000
       7984036.00000
       7984020.00000
       7984001.00000
       7984011.00000
       7984032.00000
       7984007.00000
       7984025.00000
       7983998.00000
       7984007.00000
       7984020.00000
task 2 on core 1 executes 10000 times, exec_avg1:        7984017.00000
