task 1 access time:
           135.00000
           132.00000
           132.00000
           132.00000
           133.00000
           131.00000
           133.00000
           132.00000
           132.00000
           132.00000
           136.00000
           134.00000
           134.00000
           134.00000
           134.00000
           131.00000
           132.00000
           132.00000
           132.00000
           132.00000
           132.00000
           132.00000
           133.00000
           133.00000
           132.00000
           131.00000
           131.00000
           131.00000
           131.00000
           132.00000
           131.00000
           131.00000
           131.00000
           132.00000
           133.00000
           132.00000
           135.00000
           132.00000
           132.00000
           132.00000
           132.00000
           131.00000
           131.00000
           132.00000
           131.00000
           132.00000
           133.00000
           132.00000
           132.00000
           132.00000
           132.00000
           132.00000
           132.00000
           132.00000
           131.00000
           132.00000
           131.00000
           133.00000
           132.00000
           133.00000
           133.00000
           131.00000
           131.00000
           136.00000
           132.00000
           132.00000
           132.00000
           132.00000
           131.00000
           141.00000
           141.00000
           133.00000
           134.00000
           134.00000
           133.00000
           133.00000
           134.00000
           137.00000
           132.00000
           133.00000
           133.00000
           135.00000
           133.00000
           133.00000
           132.00000
           132.00000
           132.00000
           132.00000
           132.00000
           133.00000
           133.00000
           133.00000
           134.00000
           134.00000
           135.00000
           134.00000
           135.00000
           133.00000
           133.00000
           133.00000
task 0 on core 1 executes 10000 times, exec_avg1:            133.00000
task 2 access time:
       1996145.00000
       1996104.00000
       1996115.00000
       1996142.00000
       1996137.00000
       1996130.00000
       1996119.00000
       1996141.00000
       1996141.00000
       1996127.00000
       1996085.00000
       1996111.00000
       1996154.00000
       1996103.00000
       1996106.00000
       1996142.00000
       1996143.00000
       1996133.00000
       1996108.00000
       1996119.00000
       1996132.00000
       1996175.00000
       1996123.00000
       1996117.00000
       1996130.00000
       1996134.00000
       1996128.00000
       1996157.00000
       1996142.00000
       1996151.00000
       1996117.00000
       1996104.00000
       1996111.00000
       1996158.00000
       1996155.00000
       1996140.00000
       1996141.00000
       1996134.00000
       1996095.00000
       1996190.00000
       1996128.00000
       1996097.00000
       1996151.00000
       1996128.00000
       1996110.00000
       1996111.00000
       1996123.00000
       1996113.00000
       1996158.00000
       1996103.00000
       1996113.00000
       1996149.00000
       1996137.00000
       1996158.00000
       1996125.00000
       1996089.00000
       1996103.00000
       1996112.00000
       1996110.00000
       1996109.00000
       1996117.00000
       1996091.00000
       1996137.00000
       1996141.00000
       1996113.00000
       1996110.00000
       1996143.00000
       1996152.00000
       1996141.00000
       1996131.00000
       1996126.00000
       1996144.00000
       1996136.00000
       1996159.00000
       1996149.00000
       1996125.00000
       1996118.00000
       1996165.00000
       1996127.00000
       1996132.00000
       1996135.00000
       1996121.00000
       1996135.00000
       1996135.00000
       1996164.00000
       1996129.00000
       1996121.00000
       1996160.00000
       1996114.00000
       1996115.00000
       1996122.00000
       1996146.00000
       1996103.00000
       1996157.00000
       1996113.00000
       1996120.00000
       1996118.00000
       1996103.00000
       1996127.00000
       1996169.00000
task 1 on core 2 executes 10000 times, exec_avg1:        1996129.00000
