task 1 access time:
           154.00000
           161.00000
           158.00000
           160.00000
           159.00000
           253.00000
           143.00000
           149.00000
           144.00000
           145.00000
           145.00000
           144.00000
           144.00000
           143.00000
           144.00000
           145.00000
           144.00000
           146.00000
           145.00000
           145.00000
           145.00000
           145.00000
           144.00000
           145.00000
           145.00000
           145.00000
           144.00000
           144.00000
           144.00000
           144.00000
           144.00000
           145.00000
           144.00000
           145.00000
           145.00000
           145.00000
           145.00000
           144.00000
           145.00000
           145.00000
           144.00000
           252.00000
           145.00000
           144.00000
           145.00000
           144.00000
           145.00000
           146.00000
           145.00000
           144.00000
           145.00000
           145.00000
           145.00000
           145.00000
           145.00000
           145.00000
           143.00000
           144.00000
           144.00000
           144.00000
           144.00000
           145.00000
           144.00000
           145.00000
           144.00000
           144.00000
           144.00000
           145.00000
           145.00000
           146.00000
           146.00000
           145.00000
           144.00000
           145.00000
           145.00000
           144.00000
           145.00000
           146.00000
           151.00000
           146.00000
           144.00000
           145.00000
           145.00000
           144.00000
           145.00000
           146.00000
           144.00000
           145.00000
           144.00000
           145.00000
           144.00000
           144.00000
           145.00000
           146.00000
           144.00000
           145.00000
           145.00000
           144.00000
           145.00000
           144.00000
task 0 on core 1 executes 10000 times, exec_avg1:            148.00000
task 2 access time:
       2015241.00000
       2015686.00000
       2015737.00000
       2014413.00000
       2015905.00000
       2014322.00000
       2014119.00000
       2014112.00000
       2014054.00000
       2014147.00000
       2014095.00000
       2014093.00000
       2014058.00000
       2014079.00000
       2014111.00000
       2014068.00000
       2014104.00000
       2014064.00000
       2014101.00000
       2014088.00000
       2014105.00000
       2014060.00000
       2014100.00000
       2014055.00000
       2014095.00000
       2014054.00000
       2014064.00000
       2014103.00000
       2014118.00000
       2014165.00000
       2014071.00000
       2014094.00000
       2014074.00000
       2014127.00000
       2014125.00000
       2014083.00000
       2014069.00000
       2014080.00000
       2014078.00000
       2014097.00000
       2014080.00000
       2014225.00000
       2014111.00000
       2014073.00000
       2014069.00000
       2014087.00000
       2014106.00000
       2014100.00000
       2014047.00000
       2014096.00000
       2014098.00000
       2014073.00000
       2014094.00000
       2014143.00000
       2014075.00000
       2014063.00000
       2014089.00000
       2014025.00000
       2014105.00000
       2014069.00000
       2014093.00000
       2014072.00000
       2014078.00000
       2014125.00000
       2014097.00000
       2014089.00000
       2014077.00000
       2014107.00000
       2014054.00000
       2014094.00000
       2014068.00000
       2014084.00000
       2014145.00000
       2014094.00000
       2014121.00000
       2014082.00000
       2014082.00000
       2014077.00000
       2014618.00000
       2014061.00000
       2014110.00000
       2014073.00000
       2014126.00000
       2014105.00000
       2014104.00000
       2014125.00000
       2014102.00000
       2014079.00000
       2014075.00000
       2014122.00000
       2014143.00000
       2014082.00000
       2014060.00000
       2014099.00000
       2014097.00000
       2014110.00000
       2014076.00000
       2014090.00000
       2014099.00000
       2014070.00000
task 1 on core 2 executes 10000 times, exec_avg1:        2014165.00000
task 3 access time:
       7984156.00000
       7984135.00000
       7984125.00000
       7984105.00000
       7984163.00000
       7984109.00000
       7984113.00000
       7984108.00000
       7984092.00000
       7984114.00000
       7984099.00000
       7984118.00000
       7984105.00000
       7984097.00000
       7984108.00000
       7984119.00000
       7984099.00000
       7984114.00000
       7984111.00000
       7984116.00000
       7984125.00000
       7984116.00000
       7984115.00000
       7984111.00000
       7984100.00000
       7984123.00000
       7984113.00000
       7984116.00000
       7984097.00000
       7984100.00000
       7984108.00000
       7984117.00000
       7984108.00000
       7984120.00000
       7984111.00000
       7984102.00000
       7984093.00000
       7984101.00000
       7984109.00000
       7984113.00000
       7984101.00000
       7984099.00000
       7984117.00000
       7984098.00000
       7984121.00000
       7984103.00000
       7984115.00000
       7984107.00000
       7984114.00000
       7984102.00000
       7984113.00000
       7984122.00000
       7984098.00000
       7984098.00000
       7984102.00000
       7984106.00000
       7984074.00000
       7984110.00000
       7984111.00000
       7984100.00000
       7984105.00000
       7984102.00000
       7984109.00000
       7984109.00000
       7984104.00000
       7984119.00000
       7984104.00000
       7984105.00000
       7984095.00000
       7984103.00000
       7984098.00000
       7984114.00000
       7984107.00000
       7984121.00000
       7984106.00000
       7984115.00000
       7984108.00000
       7984107.00000
       7984099.00000
       7984106.00000
       7984104.00000
       7984110.00000
       7984116.00000
       7984104.00000
       7984110.00000
       7984099.00000
       7984099.00000
       7984114.00000
       7984103.00000
       7984116.00000
       7984099.00000
       7984097.00000
       7984103.00000
       7984083.00000
       7984115.00000
       7984098.00000
       7984110.00000
       7984095.00000
       7984113.00000
       7984117.00000
task 2 on core 1 executes 10000 times, exec_avg1:        7984109.00000
