task 1 access time:
           154.00000
           150.00000
           149.00000
           149.00000
           161.00000
           248.00000
           151.00000
           149.00000
           148.00000
           148.00000
           149.00000
           150.00000
           150.00000
           148.00000
           148.00000
           152.00000
           148.00000
           151.00000
           149.00000
           148.00000
           152.00000
           149.00000
           148.00000
           149.00000
           150.00000
           149.00000
           150.00000
           148.00000
           150.00000
           149.00000
           149.00000
           149.00000
           148.00000
           148.00000
           149.00000
           150.00000
           150.00000
           149.00000
           149.00000
           150.00000
           150.00000
           152.00000
           149.00000
           150.00000
           149.00000
           149.00000
           149.00000
           151.00000
           150.00000
           148.00000
           151.00000
           149.00000
           149.00000
           149.00000
           149.00000
           150.00000
           156.00000
           149.00000
           150.00000
           150.00000
           148.00000
           150.00000
           149.00000
           149.00000
           149.00000
           151.00000
           149.00000
           149.00000
           154.00000
           149.00000
           149.00000
           149.00000
           149.00000
           150.00000
           149.00000
           150.00000
           149.00000
           150.00000
           149.00000
           150.00000
           149.00000
           150.00000
           151.00000
           150.00000
           149.00000
           148.00000
           150.00000
           150.00000
           150.00000
           151.00000
           148.00000
           149.00000
           149.00000
           147.00000
           149.00000
           152.00000
           148.00000
           152.00000
           150.00000
           149.00000
task 0 on core 1 executes 10000 times, exec_avg1:            151.00000
task 2 access time:
       2009061.00000
       2009052.00000
       2008937.00000
       2009011.00000
       2009130.00000
       2011471.00000
       2008982.00000
       2009029.00000
       2008991.00000
       2008997.00000
       2009031.00000
       2008962.00000
       2009031.00000
       2009013.00000
       2009021.00000
       2009072.00000
       2008995.00000
       2009015.00000
       2008986.00000
       2008989.00000
       2008991.00000
       2008975.00000
       2008977.00000
       2008972.00000
       2009016.00000
       2008999.00000
       2009006.00000
       2008987.00000
       2009005.00000
       2008974.00000
       2008998.00000
       2008987.00000
       2008985.00000
       2008978.00000
       2008975.00000
       2008952.00000
       2008982.00000
       2008983.00000
       2009032.00000
       2008995.00000
       2008997.00000
       2009015.00000
       2009015.00000
       2008989.00000
       2008980.00000
       2008965.00000
       2008974.00000
       2008994.00000
       2009040.00000
       2008988.00000
       2009008.00000
       2008953.00000
       2008987.00000
       2009011.00000
       2008999.00000
       2008976.00000
       2008979.00000
       2008993.00000
       2008986.00000
       2008958.00000
       2008984.00000
       2008963.00000
       2008962.00000
       2008957.00000
       2008986.00000
       2009006.00000
       2008962.00000
       2009011.00000
       2009002.00000
       2008990.00000
       2008989.00000
       2009018.00000
       2008969.00000
       2008956.00000
       2008979.00000
       2009005.00000
       2008982.00000
       2008992.00000
       2008961.00000
       2009018.00000
       2008985.00000
       2008998.00000
       2009014.00000
       2008988.00000
       2008981.00000
       2009042.00000
       2008980.00000
       2008933.00000
       2008982.00000
       2009019.00000
       2008986.00000
       2008968.00000
       2009004.00000
       2008998.00000
       2008995.00000
       2008998.00000
       2008980.00000
       2008987.00000
       2008978.00000
       2008997.00000
task 1 on core 2 executes 10000 times, exec_avg1:        2009019.00000
task 3 access time:
       7984029.00000
       7984032.00000
       7984042.00000
       7984022.00000
       7984028.00000
       7984100.00000
       7984050.00000
       7984050.00000
       7984039.00000
       7984030.00000
       7984026.00000
       7984022.00000
       7984021.00000
       7984012.00000
       7984008.00000
       7984045.00000
       7984043.00000
       7984031.00000
       7984008.00000
       7984020.00000
       7984031.00000
       7984025.00000
       7984024.00000
       7984034.00000
       7984028.00000
       7984014.00000
       7984041.00000
       7984023.00000
       7984027.00000
       7984044.00000
       7984064.00000
       7984041.00000
       7984027.00000
       7984036.00000
       7984040.00000
       7984031.00000
       7984019.00000
       7984022.00000
       7984032.00000
       7984013.00000
       7984035.00000
       7984014.00000
       7984040.00000
       7984020.00000
       7984022.00000
       7984016.00000
       7984032.00000
       7984027.00000
       7984023.00000
       7984029.00000
       7984040.00000
       7984042.00000
       7984047.00000
       7984040.00000
       7984016.00000
       7984038.00000
       7984013.00000
       7984048.00000
       7984022.00000
       7984036.00000
       7984033.00000
       7984024.00000
       7984017.00000
       7984033.00000
       7984017.00000
       7984018.00000
       7984028.00000
       7984022.00000
       7984039.00000
       7984036.00000
       7984029.00000
       7984023.00000
       7984040.00000
       7984018.00000
       7984037.00000
       7984042.00000
       7984032.00000
       7984043.00000
       7984033.00000
       7984017.00000
       7984037.00000
       7984013.00000
       7984036.00000
       7984038.00000
       7984017.00000
       7984027.00000
       7984036.00000
       7984024.00000
       7984022.00000
       7984010.00000
       7984026.00000
       7984046.00000
       7984037.00000
       7984020.00000
       7984015.00000
       7984028.00000
       7984036.00000
       7984040.00000
       7984022.00000
       7984021.00000
task 2 on core 1 executes 10000 times, exec_avg1:        7984030.00000
