task 1 access time:
           140.00000
           138.00000
           137.00000
           138.00000
           138.00000
           140.00000
           139.00000
           138.00000
           138.00000
           138.00000
           138.00000
           138.00000
           137.00000
           138.00000
           138.00000
           138.00000
           138.00000
           138.00000
           138.00000
           145.00000
           141.00000
           139.00000
           142.00000
           140.00000
           139.00000
           139.00000
           146.00000
           139.00000
           140.00000
           141.00000
           141.00000
           140.00000
           148.00000
           139.00000
           141.00000
           140.00000
           140.00000
           139.00000
           140.00000
           139.00000
           138.00000
           139.00000
           138.00000
           139.00000
           139.00000
           138.00000
           140.00000
           141.00000
           142.00000
           139.00000
           137.00000
           139.00000
           139.00000
           139.00000
           139.00000
           142.00000
           139.00000
           140.00000
           139.00000
           141.00000
           141.00000
           139.00000
           139.00000
           139.00000
           139.00000
           139.00000
           139.00000
           139.00000
           140.00000
           139.00000
           139.00000
           141.00000
           143.00000
           143.00000
           140.00000
           139.00000
           139.00000
           139.00000
           139.00000
           139.00000
           140.00000
           140.00000
           140.00000
           140.00000
           140.00000
           139.00000
           140.00000
           140.00000
           141.00000
           140.00000
           141.00000
           149.00000
           140.00000
           140.00000
           140.00000
           139.00000
           140.00000
           141.00000
           139.00000
           139.00000
task 0 on core 1 executes 10000 times, exec_avg1:            140.00000
task 2 access time:
       1996101.00000
       1996093.00000
       1996089.00000
       1996121.00000
       1996099.00000
       1996143.00000
       1996078.00000
       1996114.00000
       1996101.00000
       1996115.00000
       1996111.00000
       1996147.00000
       1996108.00000
       1996132.00000
       1996144.00000
       1996138.00000
       1996168.00000
       1996173.00000
       1996101.00000
       1996119.00000
       1996123.00000
       1996076.00000
       1996177.00000
       1996135.00000
       1996101.00000
       1996132.00000
       1996128.00000
       1996168.00000
       1996145.00000
       1996132.00000
       1996137.00000
       1996153.00000
       1996158.00000
       1996111.00000
       1996116.00000
       1996119.00000
       1996129.00000
       1996158.00000
       1996107.00000
       1996106.00000
       1996125.00000
       1996064.00000
       1996154.00000
       1996097.00000
       1996140.00000
       1996104.00000
       1996101.00000
       1996133.00000
       1996109.00000
       1996123.00000
       1996120.00000
       1996117.00000
       1996127.00000
       1996094.00000
       1996129.00000
       1996137.00000
       1996171.00000
       1996087.00000
       1996176.00000
       1996117.00000
       1996092.00000
       1996153.00000
       1996137.00000
       1996118.00000
       1996084.00000
       1996127.00000
       1996118.00000
       1996104.00000
       1996109.00000
       1996113.00000
       1996155.00000
       1996171.00000
       1996130.00000
       1996172.00000
       1996163.00000
       1996140.00000
       1996171.00000
       1996141.00000
       1996120.00000
       1996131.00000
       1996147.00000
       1996114.00000
       1996106.00000
       1996123.00000
       1996151.00000
       1996141.00000
       1996149.00000
       1996106.00000
       1996141.00000
       1996132.00000
       1996136.00000
       1996195.00000
       1996106.00000
       1996136.00000
       1996118.00000
       1996117.00000
       1996125.00000
       1996114.00000
       1996096.00000
       1996106.00000
task 1 on core 2 executes 10000 times, exec_avg1:        1996126.00000
