task 1 access time:
           142.00000
           141.00000
           141.00000
           140.00000
           141.00000
           140.00000
           140.00000
           140.00000
           141.00000
           140.00000
           141.00000
           141.00000
           140.00000
           140.00000
           141.00000
           140.00000
           141.00000
           140.00000
           140.00000
           140.00000
           140.00000
           141.00000
           140.00000
           141.00000
           142.00000
           140.00000
           140.00000
           141.00000
           140.00000
           140.00000
           140.00000
           140.00000
           141.00000
           141.00000
           140.00000
           141.00000
           140.00000
           140.00000
           140.00000
           140.00000
           141.00000
           141.00000
           140.00000
           141.00000
           140.00000
           141.00000
           141.00000
           140.00000
           141.00000
           141.00000
           141.00000
           140.00000
           140.00000
           141.00000
           141.00000
           141.00000
           140.00000
           141.00000
           141.00000
           140.00000
           140.00000
           141.00000
           141.00000
           140.00000
           139.00000
           140.00000
           140.00000
           140.00000
           141.00000
           141.00000
           140.00000
           140.00000
           141.00000
           140.00000
           141.00000
           141.00000
           141.00000
           140.00000
           140.00000
           140.00000
           140.00000
           140.00000
           140.00000
           140.00000
           141.00000
           140.00000
           141.00000
           140.00000
           141.00000
           140.00000
           141.00000
           141.00000
           140.00000
           141.00000
           141.00000
           140.00000
           140.00000
           140.00000
           140.00000
           144.00000
task 0 on core 1 executes 10000 times, exec_avg1:            140.00000
task 2 access time:
       9981910.00000
       9981837.00000
       9981845.00000
       9981833.00000
       9981834.00000
       9981840.00000
       9981824.00000
       9981774.00000
       9981870.00000
       9981859.00000
       9981871.00000
       9981810.00000
       9981819.00000
       9981827.00000
       9981800.00000
       9981775.00000
       9981825.00000
       9981753.00000
       9981834.00000
       9981797.00000
       9981835.00000
       9981828.00000
       9981803.00000
       9981862.00000
       9981783.00000
       9981750.00000
       9981802.00000
       9981819.00000
       9981827.00000
       9981798.00000
       9981790.00000
       9981784.00000
       9981830.00000
       9981810.00000
       9981811.00000
       9981827.00000
       9981838.00000
       9981822.00000
       9981796.00000
       9981777.00000
       9981796.00000
       9981784.00000
       9981787.00000
       9981810.00000
       9981845.00000
       9981847.00000
       9981802.00000
       9981778.00000
       9981805.00000
       9981816.00000
       9981842.00000
       9981834.00000
       9981793.00000
       9981789.00000
       9981827.00000
       9981832.00000
       9981783.00000
       9981839.00000
       9981875.00000
       9981816.00000
       9981812.00000
       9981828.00000
       9981812.00000
       9981805.00000
       9981825.00000
       9981838.00000
       9981864.00000
       9981819.00000
       9981785.00000
       9981793.00000
       9981804.00000
       9981777.00000
       9981816.00000
       9981812.00000
       9981816.00000
       9981803.00000
       9981827.00000
       9981797.00000
       9981833.00000
       9981853.00000
       9981806.00000
       9981891.00000
       9981862.00000
       9981848.00000
       9981854.00000
       9981792.00000
       9981832.00000
       9981841.00000
       9981764.00000
       9981812.00000
       9981813.00000
       9981788.00000
       9981793.00000
       9981809.00000
       9981873.00000
       9981842.00000
       9981833.00000
       9981819.00000
       9981829.00000
       9981808.00000
task 1 on core 2 executes 10000 times, exec_avg1:        9981819.00000
task 3 access time:
       7984033.00000
       7984020.00000
       7984012.00000
       7984016.00000
       7984024.00000
       7984040.00000
       7984020.00000
       7984014.00000
       7984039.00000
       7984021.00000
       7984027.00000
       7984027.00000
       7984020.00000
       7984014.00000
       7984008.00000
       7983997.00000
       7984022.00000
       7983990.00000
       7984010.00000
       7984022.00000
       7984013.00000
       7984005.00000
       7984015.00000
       7984011.00000
       7984016.00000
       7984010.00000
       7984017.00000
       7984017.00000
       7984014.00000
       7984011.00000
       7984011.00000
       7984012.00000
       7984002.00000
       7984012.00000
       7984023.00000
       7984022.00000
       7984030.00000
       7984026.00000
       7984011.00000
       7984005.00000
       7984014.00000
       7984020.00000
       7984005.00000
       7984018.00000
       7984024.00000
       7984038.00000
       7984010.00000
       7984017.00000
       7984028.00000
       7984007.00000
       7984022.00000
       7984021.00000
       7984001.00000
       7984009.00000
       7984018.00000
       7984016.00000
       7984013.00000
       7984031.00000
       7984027.00000
       7984027.00000
       7984033.00000
       7984021.00000
       7984024.00000
       7984022.00000
       7984024.00000
       7984034.00000
       7984034.00000
       7984027.00000
       7984005.00000
       7984005.00000
       7984008.00000
       7984014.00000
       7984036.00000
       7984009.00000
       7984025.00000
       7984020.00000
       7984008.00000
       7984017.00000
       7984019.00000
       7984021.00000
       7984007.00000
       7984031.00000
       7984033.00000
       7984016.00000
       7984014.00000
       7984020.00000
       7984019.00000
       7984013.00000
       7984005.00000
       7983996.00000
       7984002.00000
       7984017.00000
       7984008.00000
       7984008.00000
       7984007.00000
       7984011.00000
       7984009.00000
       7984029.00000
       7984018.00000
       7984006.00000
task 2 on core 1 executes 10000 times, exec_avg1:        7984017.00000
