task 1 access time:
           146.00000
           149.00000
           143.00000
           142.00000
           142.00000
           142.00000
           143.00000
           143.00000
           143.00000
           143.00000
           143.00000
           143.00000
           143.00000
           142.00000
           143.00000
           143.00000
           144.00000
           142.00000
           143.00000
           143.00000
           142.00000
           143.00000
           143.00000
           143.00000
           143.00000
           145.00000
           143.00000
           142.00000
           142.00000
           143.00000
           142.00000
           142.00000
           142.00000
           142.00000
           143.00000
           144.00000
           143.00000
           141.00000
           143.00000
           142.00000
           142.00000
           142.00000
           142.00000
           142.00000
           142.00000
           141.00000
           143.00000
           143.00000
           143.00000
           145.00000
           143.00000
           142.00000
           141.00000
           141.00000
           143.00000
           141.00000
           141.00000
           141.00000
           142.00000
           141.00000
           141.00000
           141.00000
           142.00000
           141.00000
           142.00000
           141.00000
           142.00000
           142.00000
           141.00000
           141.00000
           141.00000
           141.00000
           141.00000
           144.00000
           142.00000
           141.00000
           149.00000
           141.00000
           141.00000
           145.00000
           141.00000
           142.00000
           141.00000
           142.00000
           141.00000
           145.00000
           141.00000
           142.00000
           141.00000
           141.00000
           141.00000
           141.00000
           141.00000
           141.00000
           141.00000
           142.00000
           141.00000
           144.00000
           141.00000
           141.00000
task 0 on core 1 executes 10000 times, exec_avg1:            142.00000
task 2 access time:
       2009032.00000
       2009230.00000
       2009159.00000
       2009183.00000
       2009185.00000
       2009076.00000
       2009171.00000
       2009124.00000
       2009215.00000
       2009164.00000
       2009168.00000
       2009212.00000
       2009246.00000
       2009135.00000
       2009089.00000
       2009193.00000
       2009170.00000
       2009127.00000
       2009203.00000
       2009097.00000
       2009185.00000
       2009167.00000
       2009072.00000
       2009025.00000
       2009185.00000
       2009135.00000
       2009218.00000
       2009174.00000
       2009180.00000
       2009143.00000
       2009233.00000
       2009203.00000
       2009228.00000
       2009205.00000
       2009159.00000
       2009171.00000
       2009121.00000
       2009201.00000
       2009186.00000
       2009122.00000
       2009216.00000
       2009057.00000
       2009197.00000
       2009194.00000
       2009080.00000
       2009142.00000
       2009177.00000
       2009118.00000
       2009192.00000
       2009113.00000
       2009247.00000
       2009181.00000
       2009173.00000
       2009172.00000
       2009211.00000
       2009196.00000
       2009213.00000
       2009094.00000
       2009204.00000
       2009219.00000
       2009056.00000
       2009184.00000
       2009210.00000
       2008919.00000
       2009238.00000
       2009255.00000
       2009181.00000
       2009142.00000
       2009249.00000
       2009185.00000
       2009205.00000
       2009107.00000
       2009237.00000
       2009249.00000
       2009222.00000
       2009213.00000
       2009174.00000
       2009178.00000
       2009216.00000
       2009142.00000
       2009203.00000
       2009192.00000
       2009188.00000
       2009150.00000
       2009223.00000
       2009176.00000
       2009164.00000
       2009134.00000
       2009242.00000
       2009234.00000
       2009181.00000
       2009174.00000
       2009215.00000
       2009199.00000
       2009184.00000
       2009173.00000
       2009214.00000
       2009234.00000
       2009178.00000
       2009146.00000
task 1 on core 2 executes 10000 times, exec_avg1:        2009172.00000
task 3 access time:
       4005358.00000
       4005555.00000
       4005428.00000
       4005503.00000
       4005512.00000
       4005393.00000
       4005464.00000
       4005457.00000
       4005528.00000
       4005469.00000
       4005505.00000
       4005584.00000
       4005545.00000
       4005463.00000
       4005441.00000
       4005517.00000
       4005492.00000
       4005457.00000
       4005519.00000
       4005402.00000
       4005489.00000
       4005473.00000
       4005440.00000
       4005359.00000
       4005438.00000
       4005472.00000
       4005518.00000
       4005513.00000
       4005517.00000
       4005464.00000
       4005550.00000
       4005525.00000
       4005565.00000
       4005491.00000
       4005494.00000
       4005546.00000
       4005390.00000
       4005477.00000
       4005502.00000
       4005453.00000
       4005573.00000
       4005389.00000
       4005507.00000
       4005518.00000
       4005430.00000
       4005497.00000
       4005500.00000
       4005479.00000
       4005535.00000
       4005450.00000
       4005533.00000
       4005505.00000
       4005503.00000
       4005491.00000
       4005514.00000
       4005489.00000
       4005514.00000
       4005421.00000
       4005498.00000
       4005555.00000
       4005395.00000
       4005509.00000
       4005527.00000
       4005247.00000
       4005548.00000
       4005566.00000
       4005471.00000
       4005465.00000
       4005562.00000
       4005543.00000
       4005513.00000
       4005395.00000
       4005538.00000
       4005548.00000
       4005482.00000
       4005514.00000
       4005468.00000
       4005489.00000
       4005521.00000
       4005426.00000
       4005515.00000
       4005519.00000
       4005488.00000
       4005425.00000
       4005530.00000
       4005485.00000
       4005443.00000
       4005441.00000
       4005527.00000
       4005529.00000
       4005471.00000
       4005486.00000
       4005505.00000
       4005535.00000
       4005494.00000
       4005467.00000
       4005532.00000
       4005562.00000
       4005466.00000
       4005471.00000
task 2 on core 3 executes 10000 times, exec_avg1:        4005488.00000
task 4 access time:
       7984026.00000
       7984030.00000
       7984040.00000
       7984032.00000
       7984022.00000
       7984034.00000
       7984050.00000
       7984034.00000
       7984045.00000
       7984032.00000
       7984046.00000
       7984040.00000
       7984036.00000
       7984036.00000
       7984028.00000
       7984045.00000
       7984060.00000
       7984038.00000
       7984017.00000
       7984009.00000
       7984027.00000
       7984027.00000
       7984040.00000
       7984025.00000
       7984030.00000
       7984031.00000
       7984038.00000
       7984044.00000
       7984047.00000
       7984030.00000
       7984022.00000
       7984030.00000
       7984019.00000
       7984036.00000
       7984042.00000
       7984041.00000
       7984037.00000
       7984045.00000
       7984041.00000
       7984057.00000
       7984029.00000
       7984033.00000
       7984027.00000
       7984032.00000
       7984022.00000
       7984039.00000
       7984035.00000
       7984040.00000
       7984038.00000
       7984033.00000
       7984022.00000
       7984042.00000
       7984045.00000
       7984043.00000
       7984033.00000
       7984024.00000
       7984039.00000
       7984033.00000
       7984014.00000
       7984025.00000
       7984047.00000
       7984032.00000
       7984044.00000
       7984057.00000
       7984029.00000
       7984042.00000
       7984017.00000
       7984024.00000
       7984029.00000
       7984027.00000
       7984024.00000
       7984021.00000
       7984006.00000
       7984038.00000
       7984037.00000
       7984043.00000
       7984048.00000
       7984051.00000
       7984021.00000
       7984037.00000
       7984040.00000
       7984068.00000
       7984037.00000
       7984044.00000
       7984014.00000
       7984037.00000
       7984026.00000
       7984032.00000
       7984011.00000
       7984029.00000
       7984038.00000
       7984025.00000
       7984056.00000
       7984025.00000
       7984030.00000
       7984019.00000
       7984021.00000
       7984037.00000
       7984003.00000
       7984049.00000
task 3 on core 1 executes 10000 times, exec_avg1:        7984034.00000
