task 1 access time:
           183.00000
           310.00000
           146.00000
           170.00000
           282.00000
           345.00000
           147.00000
           167.00000
           220.00000
           219.00000
           133.00000
           132.00000
           133.00000
           133.00000
           133.00000
           133.00000
           133.00000
           133.00000
           133.00000
           133.00000
           133.00000
           133.00000
           133.00000
           133.00000
           133.00000
           133.00000
           133.00000
           133.00000
           133.00000
           133.00000
           133.00000
           133.00000
           133.00000
           277.00000
           133.00000
           133.00000
           133.00000
           135.00000
           133.00000
           133.00000
           133.00000
           133.00000
           133.00000
           133.00000
           133.00000
           133.00000
           133.00000
           133.00000
           133.00000
           133.00000
           133.00000
           133.00000
           133.00000
           133.00000
           133.00000
           133.00000
           133.00000
           133.00000
           133.00000
           133.00000
           133.00000
           133.00000
           133.00000
           133.00000
           132.00000
           133.00000
           133.00000
           133.00000
           133.00000
           133.00000
           133.00000
           133.00000
           133.00000
           133.00000
           133.00000
           133.00000
           133.00000
           133.00000
           133.00000
           133.00000
           133.00000
           133.00000
           133.00000
           133.00000
           133.00000
           133.00000
           133.00000
           135.00000
           133.00000
           133.00000
           133.00000
           133.00000
           133.00000
           133.00000
           133.00000
           133.00000
           133.00000
           133.00000
           133.00000
           133.00000
task 0 on core 1 executes 10000 times, exec_avg1:            143.00000
