task 1 access time:
           951.00000
          1109.00000
           805.00000
           943.00000
           965.00000
           747.00000
          1008.00000
           872.00000
           864.00000
           787.00000
           637.00000
           636.00000
           645.00000
           639.00000
           636.00000
           636.00000
           636.00000
           640.00000
           637.00000
          1068.00000
           638.00000
           644.00000
           639.00000
          1056.00000
           639.00000
           643.00000
           639.00000
          1006.00000
           643.00000
           639.00000
           636.00000
           636.00000
           640.00000
           636.00000
           637.00000
           635.00000
           636.00000
           637.00000
           642.00000
           637.00000
           641.00000
           636.00000
           770.00000
           780.00000
           636.00000
           636.00000
           638.00000
           635.00000
           635.00000
           635.00000
           641.00000
           634.00000
           635.00000
           634.00000
           633.00000
           643.00000
           632.00000
          1587.00000
           636.00000
           634.00000
           634.00000
           634.00000
           635.00000
           634.00000
           633.00000
          2072.00000
           635.00000
           637.00000
           634.00000
           634.00000
           633.00000
           635.00000
           635.00000
           632.00000
           634.00000
           636.00000
           637.00000
           634.00000
           635.00000
           635.00000
           634.00000
           640.00000
           634.00000
           640.00000
           633.00000
           633.00000
           634.00000
           633.00000
           637.00000
           637.00000
           641.00000
           635.00000
           634.00000
           640.00000
          1011.00000
           638.00000
           640.00000
           636.00000
           634.00000
           634.00000
task 0 on core 1 executes 10000 times, exec_avg1:            706.00000
