task 1 access time:
           915.00000
           862.00000
           865.00000
           863.00000
           865.00000
           865.00000
          1684.00000
          1801.00000
           981.00000
           866.00000
           867.00000
           864.00000
           863.00000
           861.00000
           862.00000
           863.00000
           872.00000
           863.00000
           862.00000
           862.00000
           865.00000
           866.00000
           868.00000
           866.00000
           866.00000
           867.00000
          1016.00000
           865.00000
           863.00000
           864.00000
           867.00000
           866.00000
           864.00000
           866.00000
           865.00000
           867.00000
           868.00000
           865.00000
           863.00000
           869.00000
           865.00000
           861.00000
           866.00000
           864.00000
           859.00000
           862.00000
           862.00000
           859.00000
           861.00000
           860.00000
           859.00000
           861.00000
           860.00000
           862.00000
           860.00000
           863.00000
           860.00000
           864.00000
           862.00000
           864.00000
           864.00000
           868.00000
           861.00000
           862.00000
           957.00000
           862.00000
           862.00000
           864.00000
           864.00000
           862.00000
           862.00000
           862.00000
           861.00000
           861.00000
           862.00000
           863.00000
           861.00000
           862.00000
           868.00000
           858.00000
           860.00000
           861.00000
           855.00000
           870.00000
           863.00000
           859.00000
           858.00000
           860.00000
           859.00000
           859.00000
           860.00000
           859.00000
           860.00000
           857.00000
           862.00000
           861.00000
           861.00000
           866.00000
           862.00000
           859.00000
task 0 on core 1 executes 10000 times, exec_avg1:            885.00000
task 2 access time:
       2002511.00000
       2002498.00000
       2002501.00000
       2002481.00000
       2002416.00000
       2002455.00000
       2005668.00000
       2006833.00000
       2004380.00000
       2002491.00000
       2002451.00000
       2002449.00000
       2002466.00000
       2002483.00000
       2002493.00000
       2002513.00000
       2002510.00000
       2002446.00000
       2002431.00000
       2002420.00000
       2002551.00000
       2002414.00000
       2002492.00000
       2002453.00000
       2002377.00000
       2002437.00000
       2003399.00000
       2002458.00000
       2002503.00000
       2002466.00000
       2002447.00000
       2002419.00000
       2002450.00000
       2002432.00000
       2002480.00000
       2002459.00000
       2002463.00000
       2002457.00000
       2002444.00000
       2002446.00000
       2002463.00000
       2002463.00000
       2002412.00000
       2002409.00000
       2002439.00000
       2002503.00000
       2002476.00000
       2002479.00000
       2002444.00000
       2002499.00000
       2002464.00000
       2002474.00000
       2002478.00000
       2002422.00000
       2002341.00000
       2002465.00000
       2002533.00000
       2002461.00000
       2002462.00000
       2002404.00000
       2002436.00000
       2002507.00000
       2002448.00000
       2002419.00000
       2002919.00000
       2002538.00000
       2002456.00000
       2002465.00000
       2002499.00000
       2002464.00000
       2002457.00000
       2002557.00000
       2002481.00000
       2002521.00000
       2002566.00000
       2002498.00000
       2002487.00000
       2002497.00000
       2002514.00000
       2002406.00000
       2002379.00000
       2002430.00000
       2002476.00000
       2002467.00000
       2002416.00000
       2002536.00000
       2002462.00000
       2002444.00000
       2002396.00000
       2002439.00000
       2002442.00000
       2002481.00000
       2002470.00000
       2002396.00000
       2002417.00000
       2002454.00000
       2002391.00000
       2002531.00000
       2002486.00000
       2002414.00000
task 1 on core 2 executes 10000 times, exec_avg1:        2002571.00000
task 3 access time:
       7984097.00000
       7984116.00000
       7984131.00000
       7984110.00000
       7984103.00000
       7984108.00000
       7984127.00000
       7984245.00000
       7984164.00000
       7984129.00000
       7984115.00000
       7984096.00000
       7984114.00000
       7984098.00000
       7984129.00000
       7984096.00000
       7984096.00000
       7984107.00000
       7984117.00000
       7984108.00000
       7984101.00000
       7984137.00000
       7984105.00000
       7984111.00000
       7984118.00000
       7984112.00000
       7984108.00000
       7984120.00000
       7984089.00000
       7984120.00000
       7984111.00000
       7984124.00000
       7984115.00000
       7984114.00000
       7984127.00000
       7984133.00000
       7984121.00000
       7984113.00000
       7984127.00000
       7984134.00000
       7984095.00000
       7984123.00000
       7984120.00000
       7984123.00000
       7984106.00000
       7984094.00000
       7984122.00000
       7984119.00000
       7984100.00000
       7984128.00000
       7984108.00000
       7984099.00000
       7984115.00000
       7984115.00000
       7984131.00000
       7984128.00000
       7984100.00000
       7984104.00000
       7984112.00000
       7984123.00000
       7984125.00000
       7984100.00000
       7984104.00000
       7984108.00000
       7984135.00000
       7984128.00000
       7984130.00000
       7984124.00000
       7984090.00000
       7984101.00000
       7984108.00000
       7984097.00000
       7984127.00000
       7984128.00000
       7984122.00000
       7984119.00000
       7984123.00000
       7984111.00000
       7984112.00000
       7984110.00000
       7984119.00000
       7984101.00000
       7984131.00000
       7984097.00000
       7984125.00000
       7984100.00000
       7984127.00000
       7984118.00000
       7984115.00000
       7984115.00000
       7984120.00000
       7984106.00000
       7984125.00000
       7984129.00000
       7984101.00000
       7984112.00000
       7984098.00000
       7984114.00000
       7984117.00000
       7984104.00000
task 2 on core 1 executes 10000 times, exec_avg1:        7984116.00000
