task 1 access time:
           680.00000
           651.00000
           650.00000
           647.00000
           647.00000
           656.00000
           648.00000
           648.00000
           651.00000
           650.00000
           660.00000
           655.00000
           656.00000
           650.00000
           650.00000
           649.00000
           652.00000
           650.00000
           648.00000
           649.00000
           651.00000
           652.00000
           652.00000
           650.00000
           657.00000
           656.00000
           650.00000
           655.00000
           656.00000
           649.00000
           650.00000
           651.00000
           651.00000
           652.00000
           652.00000
           651.00000
           655.00000
           659.00000
           662.00000
           653.00000
           649.00000
           650.00000
           651.00000
           648.00000
           648.00000
           649.00000
           649.00000
           651.00000
           653.00000
           647.00000
           646.00000
           647.00000
           648.00000
           649.00000
           650.00000
           650.00000
           648.00000
           648.00000
           648.00000
           651.00000
           649.00000
           647.00000
           649.00000
           649.00000
           657.00000
           649.00000
           647.00000
           648.00000
           649.00000
           647.00000
           654.00000
           646.00000
           649.00000
           648.00000
           656.00000
           650.00000
           649.00000
           647.00000
           651.00000
           653.00000
           653.00000
           651.00000
           649.00000
           649.00000
           656.00000
           649.00000
           648.00000
           647.00000
           653.00000
           647.00000
           646.00000
           652.00000
           646.00000
           648.00000
           645.00000
           648.00000
           648.00000
           651.00000
           654.00000
           650.00000
task 0 on core 1 executes 10000 times, exec_avg1:            651.00000
task 2 access time:
       1997537.00000
       1997443.00000
       1997465.00000
       1997474.00000
       1997547.00000
       1997543.00000
       1997490.00000
       1997603.00000
       1997498.00000
       1997477.00000
       1997458.00000
       1997483.00000
       1997465.00000
       1997467.00000
       1997482.00000
       1997464.00000
       1997489.00000
       1997486.00000
       1997475.00000
       1997502.00000
       1997463.00000
       1997513.00000
       1997533.00000
       1997560.00000
       1997530.00000
       1997472.00000
       1997507.00000
       1997547.00000
       1997570.00000
       1997477.00000
       1997476.00000
       1997501.00000
       1997488.00000
       1997485.00000
       1997524.00000
       1997560.00000
       1997509.00000
       1997475.00000
       1997491.00000
       1997470.00000
       1997471.00000
       1997497.00000
       1997549.00000
       1997501.00000
       1997551.00000
       1997453.00000
       1997491.00000
       1997509.00000
       1997485.00000
       1997573.00000
       1997589.00000
       1997507.00000
       1997404.00000
       1997493.00000
       1997529.00000
       1997516.00000
       1997514.00000
       1997490.00000
       1997482.00000
       1997510.00000
       1997453.00000
       1997472.00000
       1997478.00000
       1997601.00000
       1997524.00000
       1997465.00000
       1997487.00000
       1997453.00000
       1997534.00000
       1997398.00000
       1997481.00000
       1997520.00000
       1997490.00000
       1997512.00000
       1997498.00000
       1997534.00000
       1997482.00000
       1997473.00000
       1997472.00000
       1997431.00000
       1997453.00000
       1997535.00000
       1997499.00000
       1997473.00000
       1997467.00000
       1997552.00000
       1997512.00000
       1997488.00000
       1997471.00000
       1997520.00000
       1997472.00000
       1997475.00000
       1997483.00000
       1997469.00000
       1997522.00000
       1997493.00000
       1997511.00000
       1997516.00000
       1997532.00000
       1997513.00000
task 1 on core 2 executes 10000 times, exec_avg1:        1997498.00000
