task 1 access time:
           661.00000
           641.00000
           638.00000
           640.00000
           640.00000
           640.00000
           641.00000
           642.00000
           641.00000
           640.00000
           647.00000
           641.00000
           642.00000
           640.00000
           640.00000
           639.00000
           640.00000
           644.00000
           642.00000
           642.00000
           641.00000
           646.00000
           641.00000
           641.00000
           642.00000
           644.00000
           644.00000
           644.00000
           640.00000
           638.00000
           639.00000
           641.00000
           643.00000
           642.00000
           640.00000
           643.00000
           643.00000
           642.00000
           639.00000
           640.00000
           643.00000
           642.00000
           642.00000
           641.00000
           642.00000
           639.00000
           646.00000
           640.00000
           639.00000
           641.00000
           648.00000
           641.00000
           642.00000
           645.00000
           641.00000
           640.00000
           647.00000
           641.00000
           641.00000
           644.00000
           643.00000
           643.00000
           639.00000
           639.00000
           641.00000
           644.00000
           639.00000
           642.00000
           641.00000
           640.00000
           640.00000
           639.00000
           641.00000
           640.00000
           641.00000
           641.00000
           641.00000
           640.00000
           641.00000
           641.00000
           639.00000
           639.00000
           639.00000
           641.00000
           640.00000
           643.00000
           644.00000
           641.00000
           647.00000
           643.00000
           643.00000
           650.00000
           641.00000
           651.00000
           642.00000
           647.00000
           645.00000
           650.00000
           641.00000
           643.00000
task 0 on core 1 executes 10000 times, exec_avg1:            642.00000
task 2 access time:
       9982790.00000
       9982718.00000
       9982683.00000
       9982623.00000
       9982749.00000
       9982700.00000
       9982734.00000
       9982719.00000
       9982728.00000
       9982743.00000
       9982734.00000
       9982785.00000
       9982774.00000
       9982730.00000
       9982727.00000
       9982708.00000
       9982700.00000
       9982719.00000
       9982745.00000
       9982745.00000
       9982695.00000
       9982712.00000
       9982702.00000
       9982765.00000
       9982701.00000
       9982777.00000
       9982685.00000
       9982715.00000
       9982683.00000
       9982754.00000
       9982699.00000
       9982743.00000
       9982707.00000
       9982749.00000
       9982734.00000
       9982740.00000
       9982662.00000
       9982713.00000
       9982749.00000
       9982699.00000
       9982747.00000
       9982780.00000
       9982740.00000
       9982710.00000
       9982698.00000
       9982722.00000
       9982764.00000
       9982731.00000
       9982727.00000
       9982720.00000
       9982749.00000
       9982735.00000
       9982710.00000
       9982708.00000
       9982720.00000
       9982738.00000
       9982753.00000
       9982713.00000
       9982726.00000
       9982738.00000
       9982722.00000
       9982656.00000
       9982785.00000
       9982736.00000
       9982668.00000
       9982740.00000
       9982772.00000
       9982701.00000
       9982726.00000
       9982647.00000
       9982718.00000
       9982687.00000
       9982743.00000
       9982774.00000
       9982740.00000
       9982728.00000
       9982709.00000
       9982712.00000
       9982678.00000
       9982757.00000
       9982760.00000
       9982708.00000
       9982726.00000
       9982696.00000
       9982762.00000
       9982738.00000
       9982719.00000
       9982824.00000
       9982722.00000
       9982748.00000
       9982735.00000
       9982726.00000
       9982808.00000
       9982684.00000
       9982678.00000
       9982704.00000
       9982707.00000
       9982770.00000
       9982683.00000
       9982728.00000
task 1 on core 2 executes 10000 times, exec_avg1:        9982726.00000
task 3 access time:
       7984018.00000
       7984031.00000
       7984024.00000
       7984017.00000
       7984016.00000
       7984027.00000
       7983994.00000
       7984016.00000
       7984023.00000
       7984025.00000
       7984031.00000
       7984023.00000
       7984030.00000
       7984026.00000
       7984033.00000
       7984044.00000
       7984035.00000
       7984017.00000
       7984035.00000
       7984031.00000
       7984036.00000
       7984014.00000
       7984015.00000
       7984017.00000
       7984030.00000
       7984032.00000
       7984013.00000
       7984057.00000
       7984012.00000
       7984004.00000
       7984031.00000
       7984027.00000
       7984026.00000
       7984030.00000
       7984027.00000
       7984022.00000
       7984034.00000
       7984014.00000
       7984035.00000
       7984023.00000
       7984033.00000
       7984036.00000
       7984044.00000
       7984029.00000
       7984050.00000
       7984036.00000
       7984018.00000
       7984023.00000
       7984027.00000
       7984024.00000
       7984030.00000
       7984039.00000
       7984023.00000
       7984034.00000
       7984038.00000
       7984042.00000
       7984020.00000
       7984022.00000
       7984044.00000
       7984037.00000
       7984009.00000
       7984016.00000
       7984033.00000
       7984028.00000
       7984021.00000
       7984041.00000
       7984033.00000
       7984020.00000
       7984031.00000
       7984029.00000
       7984041.00000
       7984045.00000
       7984027.00000
       7984035.00000
       7984033.00000
       7984021.00000
       7984015.00000
       7983993.00000
       7984028.00000
       7984021.00000
       7984017.00000
       7984027.00000
       7984033.00000
       7984027.00000
       7984013.00000
       7984038.00000
       7984029.00000
       7984031.00000
       7984018.00000
       7984014.00000
       7984032.00000
       7984026.00000
       7984046.00000
       7984026.00000
       7984021.00000
       7984022.00000
       7984016.00000
       7984039.00000
       7984021.00000
       7984030.00000
task 2 on core 1 executes 10000 times, exec_avg1:        7984027.00000
